2.620480784357932968e+00
2.865317459568435865e+00
3.033942261583563837e+00
3.324171021964304362e+00
3.176404726053364769e+00
2.707487906944035405e+00
2.257443039251032513e+00
2.570739690071734085e+00
3.365994437501862890e+00
4.044222892680566339e+00
4.746169428265024415e+00
4.873720795785454918e+00
4.680595496609254447e+00
4.653440277669674607e+00
4.667951349332320810e+00
4.210806852427514180e+00
2.900546559500120303e+00
1.624105891464467710e+00
1.203910962026421672e+00
1.236082477258252821e+00
1.342714048773502755e+00
1.459321533744962540e+00
1.694948439917340233e+00
2.048899200902051909e+00
2.316811428021973374e+00
2.505985915015209731e+00
2.691521785714874770e+00
2.816154697805715923e+00
2.868263041141273284e+00
2.843845135937948410e+00
2.782962090946588418e+00
2.750510107210794697e+00
2.711897288718083221e+00
2.644858430256403992e+00
2.585473214352985494e+00
2.557925876809671095e+00
2.540692794621342454e+00
2.602122454631754955e+00
3.035158528834072111e+00
3.674960851868996681e+00
3.945430040973597841e+00
3.846636779156773933e+00
3.662926029204229827e+00
3.180864544238627634e+00
2.799304438729882882e+00
1.957266087212180095e+00
1.468618866099567599e+00
1.802774607156083508e+00
2.308609031077109908e+00
2.933844665111146277e+00
3.347636688118484916e+00
3.639245540473127427e+00
3.777635461754641266e+00
3.923397392470756806e+00
3.961285359499301162e+00
3.820705221364708137e+00
4.028514186277936560e+00
4.164381034844547358e+00
4.222136263935365896e+00
4.331495420872574442e+00
4.324954253789720759e+00
4.290704482168360201e+00
4.140456122177702980e+00
3.970345377672683806e+00
3.976918605050655309e+00
4.050952079802129902e+00
4.068356146979430044e+00
4.027584373834363518e+00
4.055679620711662992e+00
3.970210719459279947e+00
3.748657662129382562e+00
3.498919742744724282e+00
3.347861129693150417e+00
3.279138578521755054e+00
3.278327701588805709e+00
3.304762967407692376e+00
3.351468858995478417e+00
3.358630835821298177e+00
3.418700183871026699e+00
3.480819281584880631e+00
3.496794173143202844e+00
3.450482475703158247e+00
3.396342757077989383e+00
3.338340326586843432e+00
3.237326784945729674e+00
2.977118638677286988e+00
1.164499995509201691e+00
1.179539962503205253e+00
1.471513941612738074e+00
1.681197665256171536e+00
1.995503206450454758e+00
2.007777058431873485e+00
2.428168366353064656e+00
3.822592451710049133e+00
5.490999441156568572e+00
3.668054445078723802e+00
2.929403938074510716e+00
2.713680146638099977e+00
2.698716660443899240e+00
2.645591714166335429e+00
1.548669176797471625e+00
1.852774858280667347e+00
2.944958367738107263e+00
3.626225394673035840e+00
3.779651212660232407e+00
3.718066755413746982e+00
3.691887112317041364e+00
3.291535181679740685e+00
3.014532402993699733e+00
2.859703835676463690e+00
2.811266127418400540e+00
2.794867397490942817e+00
2.768710459235746768e+00
2.747477053023081872e+00
2.695019910873202029e+00
2.588242947168239549e+00
2.485150685770936008e+00
2.407444646201932326e+00
2.299735293513182288e+00
2.217430260943203280e+00
2.247561741997445850e+00
2.189835008668018723e+00
2.456282225708638300e+00
2.925487431871147681e+00
3.944628037740882220e+00
4.184555702292300339e+00
3.819042673262191379e+00
3.405306068838967359e+00
3.156351687970714970e+00
3.264913590670114996e+00
3.541177945707037811e+00
3.820671957189073709e+00
3.771883370027727000e+00
4.060172237587893029e+00
4.133722075534461027e+00
4.757061760314801546e+00
4.776047236767605675e+00
4.331551938490210141e+00
3.662401838981885316e+00
3.194276502621333336e+00
3.024325219753729144e+00
2.989629399138616250e+00
3.043620891815607354e+00
3.127833172828888841e+00
3.201523858194836425e+00
3.069003843995586234e+00
3.105518619585617923e+00
3.258223057108117438e+00
3.422385612832418822e+00
3.394308727901903744e+00
3.394828740952514412e+00
2.634981865551226932e+00
2.166892072701501526e+00
2.230527228849063182e+00
2.229751731662762193e+00
2.680264892378046326e+00
3.095623395344395234e+00
3.042663648089384054e+00
2.825484113509253881e+00
2.742173200291992963e+00
2.787440990265219298e+00
3.136888182643438494e+00
3.056792126370081686e+00
3.749818771932642125e+00
3.366485974502123835e+00
3.362424465513708771e+00
3.515648804668130900e+00
3.980440861359666460e+00
4.684705152082443647e+00
4.552364751708156021e+00
3.541876695383484375e+00
3.327882853269453989e+00
3.313858043594819502e+00
3.080321982894271837e+00
2.931531570918129770e+00
2.823204326373625062e+00
2.799578613306078712e+00
2.817907481183520080e+00
2.821953417987629553e+00
2.828193631359318783e+00
2.859450865931598695e+00
2.896363067435617555e+00
2.879900585245564582e+00
2.890145895847269664e+00
2.954480422175760790e+00
2.990976077779212705e+00
3.005624280312779728e+00
2.992019762998463506e+00
2.972186297092605844e+00
2.844321493576743354e+00
2.062229152778225494e+00
1.763205936807816565e+00
2.139940821570342600e+00
3.016620048533349419e+00
3.912746086250207256e+00
4.147470804326555793e+00
3.874076458880598040e+00
3.337453225139158874e+00
3.045607843341147980e+00
2.697720907682804370e+00
1.500265964094233739e+00
1.969809659104418520e+00
2.091935459726826707e+00
2.271094362282226164e+00
2.382168706051015494e+00
2.688497263965099915e+00
3.063804591753314543e+00
3.235803435273193251e+00
3.375214939016077942e+00
3.494045282358795301e+00
3.612305471138733459e+00
3.754990564651703444e+00
3.903752696261544308e+00
4.094014971167845296e+00
4.173370611952561759e+00
4.178623507690656602e+00
4.156414032785179735e+00
4.220810732242394003e+00
4.235007774663515079e+00
4.200260363817896803e+00
4.126346024649025779e+00
4.114260996978006624e+00
4.084646438892912457e+00
4.017916279968033244e+00
3.984844559987337220e+00
3.938108081764830182e+00
3.943028229542471230e+00
3.958870749480660756e+00
3.941658304084590725e+00
3.932617369765119442e+00
3.874393497441189105e+00
3.799323459010212289e+00
3.715078259802333083e+00
3.595919003611663278e+00
3.460755541619977560e+00
3.511477994773541500e+00
3.552242802667584964e+00
3.507740639607452415e+00
3.454342397783111807e+00
3.405074411595305328e+00
3.405110781292314925e+00
3.521623533069582646e+00
3.953543816088103124e+00
4.457845891500638480e+00
4.995447474874314508e+00
4.562202241994354424e+00
4.117447840448473784e+00
3.818722358941112116e+00
3.529393448065943684e+00
3.286180491794572500e+00
3.089077979170642418e+00
2.979585507642581010e+00
2.909497379090124625e+00
2.885815306967040694e+00
2.896045009651421864e+00
2.915731346138913604e+00
2.931719408840607777e+00
2.970908872675407597e+00
2.996527148819846165e+00
3.043938675996054055e+00
3.122553721030081331e+00
3.198828602065349802e+00
3.267842151120508909e+00
3.385553820747445819e+00
3.704314777353876931e+00
3.827479446596734114e+00
3.989676252541827228e+00
4.076590942224485481e+00
4.123332291832775276e+00
4.070577706817277708e+00
4.047222179782637319e+00
4.237212028685869214e+00
4.077201224043653482e+00
4.321775440404398871e+00
4.068640783339340317e+00
3.423918452875188922e+00
3.041361740741869379e+00
3.145363224895297627e+00
3.387607224789144666e+00
3.528547477346304362e+00
3.679016450601191313e+00
3.788608703899837504e+00
3.817201304860524225e+00
3.960073259183395589e+00
4.156210951220260519e+00
4.294654312792297368e+00
4.321455507407971020e+00
4.179089688882577036e+00
3.992227668198337298e+00
3.802128765459482640e+00
3.660018078845967082e+00
3.562081245838077947e+00
3.466215286757178937e+00
3.444515271927668820e+00
3.394648785621809495e+00
3.313207316848586714e+00
3.228669539316018078e+00
3.196977798348375366e+00
3.207441736247251374e+00
3.234669318187251896e+00
3.234489026988747629e+00
3.176868997805366579e+00
3.094016434043260322e+00
3.056100071774974225e+00
3.064473728790387153e+00
3.114824096606119141e+00
3.106260806754606030e+00
3.148162666044725277e+00
3.263734460811535065e+00
3.398508788752953258e+00
3.576986053239125329e+00
3.729315850825461798e+00
3.834033789876277076e+00
3.978603702554041721e+00
4.034633899752655850e+00
4.053305521830560920e+00
4.059809305385185141e+00
4.095924079405090623e+00
4.074565329305566586e+00
4.164679034690786708e+00
4.357738124892514442e+00
4.496785794470865127e+00
4.552700770743239644e+00
4.262872781263561173e+00
3.857132171083017536e+00
3.364613015363776771e+00
3.002713836865191332e+00
2.576978814389634387e+00
2.133173470086783041e+00
2.096181296097414215e+00
1.988918069471758976e+00
2.379851954302024009e+00
2.591397151293433954e+00
2.854851781232176755e+00
3.152482055214157253e+00
3.510595706502435576e+00
3.441739835450386309e+00
3.364590913343952661e+00
3.450209076026240496e+00
3.734385001268638593e+00
4.066675570813362839e+00
4.326342275970314510e+00
4.182699021090883207e+00
4.132970065902346946e+00
4.227701469708244453e+00
3.902532440633635247e+00
3.628180242477346162e+00
3.455300977138929586e+00
3.403752710133225889e+00
3.324552401793801959e+00
3.170510917466797363e+00
3.013229358314355899e+00
2.815102918397889287e+00
2.810398986447526060e+00
2.925337588547526124e+00
2.981587431914549224e+00
3.009167343745368761e+00
3.035515114649381285e+00
3.042843382581482903e+00
3.025720537664406518e+00
3.029043941930351203e+00
3.076067796014134714e+00
2.941523936855588328e+00
1.926085669259627320e+00
1.167602092948619052e+00
5.616600188461834398e-01
1.568320264997057345e+00
2.384983670957343538e+00
2.940113684068140998e+00
3.408468552966941623e+00
3.599369256408466722e+00
3.502106834458317941e+00
3.482108515782761149e+00
3.708019895979452585e+00
3.960093907509705247e+00
4.186298572656028227e+00
4.150652172053979072e+00
3.657601236136863498e+00
2.905520644646602868e+00
2.710553352079773326e+00
2.893289889209471166e+00
3.075298379433539342e+00
3.047175394837083218e+00
2.831555971113376646e+00
2.506695800676346675e+00
2.469135306129504048e+00
2.599139146310557980e+00
2.678380644497611929e+00
2.711852792118428557e+00
2.757291127787425467e+00
2.778511866094313110e+00
2.680436053609542402e+00
2.516661826934862400e+00
2.501899088648778857e+00
2.755529445281737377e+00
3.092397190380906213e+00
3.481365413026731748e+00
4.091004572052125532e+00
4.571699604358613556e+00
4.350989768522082635e+00
4.283485135636682983e+00
4.201510814775434532e+00
4.055452079408182975e+00
4.039723745302601365e+00
3.199141800563799709e+00
3.876394313945110692e+00
5.021091148197673881e+00
4.278217163779589605e+00
3.169414503100114633e+00
3.258036269369378957e+00
3.535501438434820010e+00
3.684154548205708757e+00
3.713999017140416026e+00
3.764692671254064038e+00
3.654283782718250162e+00
3.738386306797985448e+00
4.184270386289524524e+00
4.384643641251664725e+00
4.291810669611626494e+00
4.101414455775030277e+00
4.065947474662330308e+00
3.672067115147573890e+00
2.443167359872695066e+00
2.707523038703585794e+00
2.748250314141798878e+00
2.264719975177864608e+00
1.755037964079870560e+00
1.971218367985405839e+00
3.537770983891665999e+00
4.566531959631384474e+00
3.915673322937018419e+00
2.216650450089340918e+00
2.479298886272539360e+00
2.701608402715696577e+00
2.122546987745532743e+00
1.994606834187847344e+00
2.005904065969152494e+00
2.077848467151850009e+00
2.026303721486913290e+00
1.685069946673958929e+00
1.225149159644925323e+00
9.764184415967268604e-01
2.129660101286660723e+00
2.761826691651686261e+00
2.765614721324241021e+00
3.189369005351199604e+00
3.687527556682378194e+00
3.699768386180051660e+00
3.502689587107643554e+00
3.382754056684075472e+00
3.319090472169948569e+00
3.233219310572887917e+00
3.248309687159040227e+00
3.284582843533794705e+00
3.272132383453448590e+00
3.304856054222833794e+00
3.219337226654456430e+00
2.995602179988936520e+00
2.712869260954362094e+00
2.431429909817369506e+00
3.167487191906168231e+00
3.969300335039425587e+00
4.279096485194319399e+00
4.382661384854765529e+00
4.280167955405199898e+00
3.819291832337220693e+00
3.286821504571070029e+00
2.997097035326153680e+00
2.672435995930812158e+00
1.272294371738868168e+00
2.438454727525588006e-01
6.599702942664068539e-01
9.884957777955694080e-01
1.636245530259398562e+00
2.476541476839300149e+00
2.739831082955849872e+00
3.165034467016536013e+00
3.536317946704239379e+00
3.706410931786915164e+00
3.908517546023158040e+00
3.326232622844110587e+00
3.093213647259173804e+00
3.050237645102814810e+00
3.046663338862244608e+00
2.878103002226198193e+00
2.712366728494945090e+00
2.629751939784259918e+00
2.517473887991199533e+00
2.361421678931264090e+00
2.203960472864032294e+00
2.191475926340471947e+00
2.096622624219714126e+00
2.163129123509639928e+00
2.214826040021422138e+00
2.181891447390782446e+00
2.144484349012096835e+00
2.086348185904432828e+00
2.136821230848095166e+00
2.345816688414688933e+00
3.007808851515348714e+00
3.306324410145640158e+00
3.352233557693531818e+00
3.433129962030888827e+00
3.964691739699208295e+00
4.016661870332431050e+00
3.466433613383122392e+00
2.926620467912838475e+00
1.921078903905278024e+00
1.204907019893635800e+00
1.081645464485817554e+00
1.593314980247896306e-01
4.499477297163456124e-01
4.075625064927396735e-01
1.088794026449303232e+00
1.977472833468275848e+00
2.858724025226924148e+00
3.232619063319066122e+00
2.935260073949990556e+00
2.647831923244698515e+00
6.648804788590545467e-01
7.564760982331873995e-01
1.303545849308393123e+00
2.481454797511875032e+00
3.850060123872504736e+00
5.456897420480864014e+00
4.028324367644362525e+00
2.824725172502812853e+00
2.393758156051838615e+00
2.360339020497597584e+00
2.254854321588514399e+00
2.223249753403528484e+00
2.285928772792046537e+00
2.377042592702717894e+00
2.416352915236733345e+00
2.465087306953147817e+00
2.465751831275673656e+00
2.452561965527239707e+00
2.424562650519167750e+00
2.356982173620706611e+00
2.330347397313640823e+00
2.267135266969738439e+00
2.020123001108570904e+00
1.646192907951784967e+00
1.022592167994834877e+00
1.028914639006484943e+00
1.816037983902721198e+00
2.652188728447144594e+00
3.151683816593795484e+00
3.349814647429797176e+00
3.311740304490591758e+00
1.772505572424071030e+00
1.696753748509267190e+00
2.340422226995652721e+00
3.215260110629750034e+00
4.132621541955814770e+00
3.780600346695639491e+00
2.967820099344200546e+00
2.947305538697555072e+00
3.172088788047583208e+00
3.487559077629575732e+00
3.439262641627790273e+00
3.512209058197445000e+00
3.199774679001121669e+00
3.066108014320144459e+00
2.989017973733370859e+00
2.956745178718028999e+00
2.881328315817521801e+00
2.810306025242605976e+00
2.793972090870810110e+00
2.876149603805456145e+00
3.045109275159200379e+00
3.252059948369987463e+00
3.548946344836384714e+00
3.800456233296539033e+00
4.272213751235464763e+00
4.775879654119083995e+00
5.030618014810545269e+00
4.735566993874839703e+00
4.250504061896374530e+00
3.849507007402570569e+00
3.829919232172917631e+00
3.779117456323130675e+00
3.691219854038472636e+00
3.571740331344389396e+00
3.509354197911960682e+00
3.587780742340819895e+00
3.486854251960318063e+00
3.400473043425348507e+00
3.299531610610654475e+00
2.911259980945822612e+00
2.814774775891685898e+00
2.795651265649418793e+00
2.602711249108014879e+00
2.718194588777336662e+00
2.668338840939966428e+00
3.018166327449597564e+00
3.123588505644946611e+00
3.472001004808372926e+00
3.339718964682655944e+00
3.078263506116725612e+00
2.669549055946910165e+00
2.069716902274850057e+00
1.960739848594427626e+00
1.797798266049174254e+00
1.357728333143845223e+00
1.350651644634671911e+00
1.585020926068936298e+00
1.941639553134954843e+00
1.869743978537953044e+00
1.676031089988640810e+00
1.647723495344924460e+00
1.684116392881526370e+00
1.683549627757824574e+00
1.856862647079409179e+00
2.042223370910217106e+00
2.152099524432585564e+00
2.293398825168106114e+00
2.257388793113528802e+00
7.958422728819972702e-01
1.178781857859338755e+00
1.211043222596797087e+00
1.260147482589633716e+00
1.332175691574124299e+00
1.300427282202518686e+00
1.272847385766440853e+00
1.321846891908530885e+00
1.778003310611850685e+00
2.358585654418921429e+00
2.630522055030322104e+00
2.742244005458180922e+00
2.893136463239307510e+00
3.011201805486246386e+00
3.049090542096622780e+00
3.390625203759007888e+00
3.704776472310294277e+00
3.801039944768359380e+00
2.573281294816734732e+00
2.072352418007962438e+00
1.628376422414426372e+00
1.943518580620688052e+00
2.247690744844623723e+00
2.824726178726414183e+00
3.404505760298379702e+00
3.960133473669199766e+00
3.539825742853302426e+00
3.776318366477315003e+00
4.048934730416362093e+00
4.492967345753016595e+00
4.996179620234589613e+00
4.232703493027552888e+00
3.706744633060224725e+00
3.439997286625662287e+00
3.299171699726220819e+00
3.200711918702066505e+00
3.029061700729623663e+00
2.855980863263925862e+00
2.687549349593218562e+00
2.416330783335620236e+00
2.204445635152447736e+00
1.955291295016723607e+00
2.440559459145997145e+00
3.210696022158511909e+00
3.578415161102122877e+00
4.326693384803558473e+00
4.489754531965613360e+00
3.887009499495993836e+00
3.300713166599745563e+00
3.077113526257152731e+00
2.910007854235447500e+00
2.798009971985735422e+00
2.793099661680451984e+00
2.787888886691282764e+00
2.837339259773227429e+00
3.095910084996265965e+00
3.232302249370985425e+00
2.903984804449115664e+00
2.775128576044439299e+00
2.754294439442725118e+00
2.351801267939767293e+00
2.784854038900006490e+00
3.612617274499613451e+00
2.967520813688728776e+00
3.523799957794074622e+00
3.708289409518198632e+00
3.548449335729551013e+00
3.312719655516889627e+00
3.176638836472044147e+00
3.153554577065406317e+00
3.132876136702098968e+00
3.117261286979988721e+00
3.000783639517637713e+00
2.770198839285411552e+00
2.085063582499905532e+00
2.698736500829729490e+00
3.557814386218671743e+00
4.253005173851075682e+00
4.463159972950294652e+00
4.181872190551322532e+00
3.853222848911303622e+00
3.653680224143821764e+00
3.432104187153931285e+00
3.196585686817154048e+00
3.042689139091193873e+00
2.918089252369320707e+00
2.890915006628302919e+00
2.952854921719647141e+00
2.927995408757644746e+00
2.898218633689260582e+00
2.991777895172367696e+00
2.757756870932044801e+00
3.085860449402659800e+00
3.437078089096869071e+00
3.591471668327965716e+00
3.555671910819812265e+00
3.635954851249160846e+00
3.365167327629803307e+00
3.205894268241704648e+00
3.146559226939618537e+00
2.915778219837786178e+00
2.951467335246017676e+00
2.956552012483905312e+00
3.007230559237240364e+00
3.061055056874711688e+00
3.224146056141696359e+00
3.537292065132943364e+00
3.843463118964881353e+00
4.160039030116753800e+00
4.343406549797387051e+00
4.423135091979351508e+00
4.319749952609495125e+00
3.980762082590211914e+00
3.592914969606997744e+00
3.312833830194594320e+00
3.068369737240262296e+00
2.982795017345974742e+00
3.000782103176810267e+00
3.122737581849377886e+00
3.286792393196483086e+00
3.187469167262785952e+00
3.032640816765030944e+00
3.131315126593099851e+00
2.944009403627774191e+00
2.800158272825953087e+00
2.840178642365257300e+00
2.778569269799970431e+00
2.798152074590515515e+00
2.758413345684018303e+00
2.669355497489842133e+00
2.685083863422634831e+00
2.722300937221265649e+00
2.752883021398514707e+00
2.810187968378393464e+00
2.911664301827736168e+00
3.089243920265360099e+00
3.369789580244735738e+00
2.985816539280268689e+00
2.917071497398691982e+00
3.950884225605294287e+00
4.521396623289232863e+00
3.259342337520428678e+00
2.268389562598823517e+00
9.352570793304659791e-01
1.128976284050520862e+00
1.122730247849039076e+00
1.467428701735604468e+00
2.558928755542571931e+00
4.354314982278546964e+00
5.598394113755516877e+00
5.372790303255603916e+00
4.882864698586677932e+00
4.741416403637588317e+00
4.637951017981415625e+00
3.871003422888507295e+00
3.681201937173060657e+00
2.650181236405894758e+00
2.726448296997717513e+00
2.972431605063627913e+00
3.083914229011918362e+00
3.205232219830181695e+00
3.117148723092722395e+00
3.053973402594468922e+00
3.017307073560203889e+00
3.063074499187710131e+00
3.042859672975576135e+00
3.065386812073346512e+00
3.215908923363769656e+00
3.274176161683317599e+00
3.416422744284385082e+00
3.735810300544912366e+00
3.388826218244547661e+00
3.122460154012370648e+00
2.858322449498620355e+00
2.623430214628965640e+00
2.575873346697762134e+00
2.659427276109180838e+00
2.850988502382673762e+00
2.997376685653322603e+00
3.104777210050308156e+00
3.440792189734259487e+00
3.777318863577650454e+00
3.859024409591805593e+00
3.880772313303638921e+00
3.885900851083310403e+00
3.896027695094015364e+00
3.902513579945047439e+00
3.921179960442266133e+00
3.959818716633143332e+00
4.003404748275062097e+00
4.061971142555069747e+00
4.133910425287982804e+00
4.181175093513334495e+00
4.168964992123808777e+00
4.114107935463231058e+00
4.020513036015230135e+00
3.862786881296710551e+00
3.757457238868971316e+00
3.635256451757290286e+00
3.597719438158335503e+00
3.632256069278565480e+00
3.427303475748400885e+00
3.001542476831136952e+00
2.815966348712466427e+00
2.619699954906571815e+00
2.235582257287010766e+00
2.119315105126892806e+00
2.422669597392155261e+00
2.839285870692545455e+00
2.870712179270667352e+00
2.786860291439846371e+00
2.033351996477240409e+00
1.365408838511837697e+00
8.854718457569951129e-01
6.997401823514995955e-01
7.195692501017717513e-01
1.284728439520484988e+00
1.297711201533132241e+00
1.683341550697251776e+00
1.756534384211074773e+00
1.996668121095608317e+00
2.241508905462175516e+00
2.391260544759894469e+00
2.531670326176068464e+00
2.435866347626898687e+00
2.296590421584032260e+00
2.198149934947176476e+00
1.941083006289335833e+00
1.601597847447574052e+00
1.498432001547626458e+00
1.530302888237234704e+00
1.758734293974693053e+00
2.010347100659807040e+00
1.947810186949989530e+00
1.871570105871168233e+00
1.516881615064088695e+00
1.740225322222719750e+00
1.775511884865463408e+00
2.060511651372102016e+00
2.207768912268879724e+00
1.936447200785694989e+00
2.419353400655129605e+00
3.340733215945635326e+00
3.345422920003541467e+00
2.283500773967906294e+00
1.768546045548031298e+00
2.001018700607109846e+00
2.261509924752854062e+00
2.359024264944436400e+00
2.793924357186427621e+00
3.450287056029461841e+00
3.942506719716910357e+00
4.566946744821398951e+00
4.702366008841718070e+00
3.104515168533334535e+00
2.424093908801541630e+00
2.695689603449476390e+00
2.970281918738433724e+00
3.174447971342045705e+00
3.496231563001316101e+00
3.700787352590915624e+00
3.914445567644683877e+00
3.897469306821278234e+00
3.601242657939117908e+00
3.328764735059134061e+00
3.127819749584803244e+00
2.983306191688289921e+00
2.912661374650695745e+00
2.895763500050854145e+00
2.943026961438206968e+00
3.026395111088473033e+00
3.112169073475882453e+00
3.216707832120099031e+00
3.380569940740964618e+00
3.602654143366300854e+00
3.834759235677372757e+00
4.160253709564318392e+00
4.561059094153340432e+00
4.903437191063357403e+00
4.979775092399636449e+00
4.707824219373552666e+00
4.209875819137277375e+00
