2.202958455438232654e+00
2.305339506638079516e+00
2.444616428516693585e+00
2.624850226817324828e+00
2.771661815091945869e+00
2.924146322632898087e+00
2.995169649822296165e+00
3.000000000000000000e+00
3.000000000000000000e+00
3.000000000000000000e+00
2.999999999999999556e+00
3.000000000000000000e+00
3.000000000000000000e+00
3.000000000000000000e+00
2.999999999999999556e+00
3.000000000000000000e+00
3.000000000000000000e+00
3.000000000000000000e+00
3.000000000000000444e+00
3.000000000000000000e+00
2.433060328921092808e+00
1.750352158114524492e+00
1.693269067574011855e+00
1.510031681496943001e+00
1.592633998810534246e+00
1.366633095968318168e+00
1.355132468006479352e+00
1.266496189736382894e+00
1.267000875492388934e+00
1.140331643691042229e+00
1.167522508947199000e+00
1.279842236178758030e+00
1.350515372543257486e+00
1.623244548091077544e+00
1.752684863433307871e+00
1.957080737571114337e+00
2.250308863430302342e+00
2.184113811715403752e+00
1.621887137482036056e+00
1.633831374939647363e+00
1.867419279165552615e+00
1.824013719378315912e+00
2.042786939459358742e+00
1.872941301984932583e+00
1.767626764475929591e+00
1.691650043575906315e+00
1.828236366298593651e+00
1.942265330950732949e+00
1.914258248288708719e+00
2.122584726843754765e+00
2.317746917135084406e+00
2.523556894486596924e+00
2.692756516693095126e+00
2.825450630484411363e+00
2.879925224433118380e+00
2.880648257976691440e+00
2.964353261267448136e+00
3.000000000000000444e+00
3.000000000000000444e+00
3.000000000000000000e+00
3.000000000000000444e+00
3.000000000000000444e+00
2.948979202074553996e+00
2.827812876703401646e+00
2.834856253537951787e+00
2.874006918189024429e+00
3.025976690471336550e+00
3.229771852580822777e+00
3.128947979663300849e+00
2.629213410896880099e+00
1.995426099061436309e+00
2.066459888453934912e+00
1.976533749018481778e+00
2.014557438679702717e+00
2.156572319076604849e+00
2.226695707830661952e+00
2.261817970186164484e+00
2.223759830388512881e+00
2.225673517102861432e+00
2.197235035175354234e+00
2.109854286542760082e+00
2.069271559601569166e+00
2.184208392742481131e+00
2.277087749000136885e+00
2.517827773621597931e+00
2.664785737065917370e+00
2.839832207183619062e+00
2.867968324151337622e+00
2.931691032598570779e+00
2.986360845271994524e+00
3.039935928421487521e+00
3.007873393296906617e+00
3.000000000000000444e+00
2.999999999999999556e+00
3.000000000000000000e+00
2.787776739982236851e+00
2.604112831246485182e+00
2.689026823235079355e+00
2.709784588778378467e+00
2.772078011215629800e+00
2.858140179285614479e+00
2.970217917727981050e+00
2.999496424297280139e+00
2.999999999999999556e+00
3.000000000000000000e+00
3.000000000000000000e+00
3.000000000000000000e+00
3.000000000000000000e+00
3.000000000000000000e+00
2.999999999999999556e+00
2.999999999999999556e+00
3.000000000000000000e+00
2.999999999999999556e+00
3.000000000000000000e+00
3.000000000000000000e+00
3.000000000000000000e+00
2.295636827613300124e+00
2.235562057055477947e+00
2.104694473640403185e+00
2.004652198639945482e+00
2.104273941837218498e+00
2.169964483075534467e+00
1.501449358234824949e+00
1.389269618453381927e+00
1.394792756168184322e+00
1.465757274702756074e+00
1.544810986626845128e+00
1.634973454317009134e+00
1.726242819834204356e+00
1.890860239707490287e+00
2.045731204506741285e+00
2.254304588103617668e+00
2.185006326399533627e+00
2.403362244885147270e+00
2.528846097683830507e+00
2.682186894486651596e+00
2.801303955767869613e+00
2.900551331905742103e+00
2.925019923415012268e+00
2.974993374467701734e+00
2.995130806664287437e+00
2.989766426306373237e+00
3.045918175411150841e+00
3.001792174635769861e+00
3.000000000000000000e+00
2.999999999999999556e+00
3.000000000000000444e+00
2.677555089062824578e+00
1.168047846861217209e+00
1.442872651524226502e+00
1.632663719007718894e+00
1.722073567846750919e+00
1.936084237246523232e+00
2.022252058711849543e+00
8.880905980833194713e-01
1.166422751495786558e+00
6.527003580575911901e-01
7.353484246051497086e-01
5.038020902238475873e-01
5.865137393937653876e-01
4.874263267167445179e-01
1.264212559820728110e+00
1.300580967835484270e+00
1.494521085394552973e+00
1.237291543716382058e+00
1.263935564937749723e+00
1.409580848138521025e+00
1.567291234915404452e+00
1.579806848019995380e+00
1.648931963478579288e+00
2.022232097981557786e+00
1.806589313710434963e+00
1.863326354482517155e+00
2.007939582061756045e+00
1.959652533277719266e+00
1.957307153748336415e+00
1.535719999081121889e+00
1.930310521759360132e+00
1.570665358613778873e+00
1.725861413053605853e+00
1.801365488417097760e+00
1.908081193890589722e+00
2.078536250802788032e+00
2.283750113381483704e+00
2.281311669281446797e+00
2.244589815076047046e+00
2.324626913444034049e+00
2.514108038895634945e+00
2.637538479741890374e+00
2.677748826391614489e+00
2.697453357502019422e+00
2.687992312252594385e+00
2.744251478267637712e+00
2.797201478420481280e+00
2.841068403055627911e+00
2.884453400955236724e+00
2.953417940069986702e+00
2.982926933660955182e+00
2.996493469915432861e+00
3.000000000000000000e+00
3.000000000000000000e+00
3.000000000000000000e+00
3.000000000000000444e+00
3.000000000000000000e+00
3.000000000000000000e+00
2.929798923932708021e+00
1.200069381636976962e+00
1.230505643604557608e+00
1.225779630585442259e+00
1.204313938283944951e+00
1.332201805407613460e+00
1.343402077099232761e+00
1.349468978881255499e+00
1.381483139808982186e+00
1.329979257664898551e+00
1.537156662890887482e+00
1.590350697212945308e+00
1.460418777942242174e+00
1.525007876481514701e+00
1.739320383709495932e+00
1.793361555207795055e+00
2.002713816702375915e+00
2.262056979026847436e+00
2.707422797380569346e+00
2.920356013297398690e+00
3.007200726368561394e+00
2.768620691124620947e+00
2.650889919766512559e+00
2.913689016661582087e+00
3.245005224047560866e+00
3.016947144270509806e+00
3.000000000000000444e+00
2.999999999999999556e+00
3.000000000000000444e+00
3.000000000000000000e+00
3.000000000000000444e+00
3.000000000000000000e+00
2.999999999999999556e+00
3.000000000000000444e+00
3.000000000000000444e+00
2.631161325379106408e+00
2.608910405652497211e+00
2.737806047007855348e+00
2.490859305116519096e+00
2.616917206204350865e+00
2.764217368587157608e+00
2.902888627721437409e+00
2.975728080782688245e+00
3.002122953044231490e+00
3.000000000000000000e+00
2.783105932516922287e+00
2.921837733680648252e+00
2.945369659175698374e+00
2.984932761776610377e+00
3.055036232536660012e+00
3.024715602516911073e+00
3.000000000000000000e+00
3.000000000000000000e+00
2.999999999999999556e+00
3.000000000000000000e+00
3.000000000000000000e+00
2.999999999999999556e+00
2.409428641890881906e+00
2.564870801518142507e+00
2.824741561777111887e+00
3.078496962700679518e+00
3.134160612369747412e+00
3.032565029142527457e+00
3.065394696576186462e+00
3.000000000000000000e+00
3.000000000000000000e+00
2.999999999999999556e+00
3.000000000000000000e+00
2.032583964966426571e+00
2.013336056823308517e+00
2.420853175246290512e+00
2.775551402830556569e+00
2.998447704850083273e+00
3.000000000000000000e+00
2.999999999999999556e+00
2.999999999999999556e+00
3.000000000000000444e+00
3.000000000000000000e+00
2.999999999999999556e+00
2.999999999999999556e+00
2.975962049473698023e+00
3.024424574929208021e+00
3.019922702116353719e+00
3.000000000000000000e+00
3.000000000000000000e+00
3.000000000000000000e+00
2.999999999999999556e+00
2.999999999999999556e+00
3.000000000000000000e+00
3.000000000000000000e+00
3.000000000000000000e+00
3.000000000000000444e+00
3.000000000000000000e+00
3.000000000000000000e+00
3.000000000000000000e+00
3.000000000000000000e+00
3.000000000000000000e+00
3.000000000000000000e+00
3.000000000000000000e+00
3.000000000000000000e+00
3.000000000000000444e+00
2.999999999999999556e+00
3.000000000000000444e+00
1.922850382858160012e+00
9.914793558595116352e-01
1.000939606678690419e+00
1.244735587733292181e+00
1.475191854638526978e+00
1.514474777827590213e+00
1.872606518758168193e+00
2.561645445967982049e+00
3.017547220746082282e+00
3.059501983973748729e+00
3.112829084363393672e+00
2.999999999999999556e+00
3.000000000000000000e+00
3.000000000000000000e+00
3.000000000000000444e+00
3.000000000000000000e+00
3.000000000000000000e+00
3.000000000000000444e+00
3.000000000000000000e+00
2.642131544679557908e+00
2.001529650426147722e+00
2.166594801660342906e+00
2.407650125421977982e+00
2.561150162962039900e+00
2.608922191908511046e+00
2.822867099826713133e+00
2.955780933722568893e+00
2.283596778673838479e+00
1.697065912747356187e+00
1.662849406705624533e+00
1.705704885017471861e+00
1.750571077193965985e+00
1.864392285457069365e+00
1.949840901582424957e+00
1.819900717046306626e+00
1.923984654641461844e+00
1.963692110407689206e+00
1.953225357890430391e+00
1.979864077100760067e+00
1.961503477032981335e+00
2.029685337966847580e+00
2.227564430824084507e+00
2.018325835041166361e+00
1.913155053822928942e+00
1.917560583813144204e+00
2.060795238398549500e+00
2.210289428756251784e+00
2.319437280042323302e+00
2.279504116172853756e+00
2.260821827174256171e+00
2.281905134016178227e+00
2.266701524432774839e+00
2.086847234819537267e+00
2.432995741981540228e+00
2.494130630985994745e+00
2.494914939000585363e+00
2.684611921426535819e+00
2.858173632674317233e+00
2.888817082953067494e+00
2.930498773100964183e+00
2.904523314391606270e+00
2.886321960250491259e+00
2.856757989590402502e+00
2.643261095933328697e+00
2.548251470859867140e+00
2.684048023352427759e+00
2.804131037567322071e+00
2.815607227481303099e+00
2.879239629804108969e+00
2.979369619423878568e+00
2.997472212136822023e+00
3.000250822245016380e+00
3.001340453949775000e+00
3.000000000000000000e+00
2.502219988275590445e+00
2.389060701055382374e+00
2.577309625932373116e+00
2.723274972919790038e+00
2.911440675953806956e+00
2.924381047974011771e+00
3.058007936104075952e+00
3.097771648387536825e+00
3.098581771872357837e+00
3.112228448389983804e+00
3.118747515976308282e+00
3.021793938064818441e+00
3.000000000000000444e+00
3.000000000000000000e+00
3.000000000000000000e+00
3.000000000000000444e+00
3.000000000000000000e+00
2.999999999999999556e+00
3.000000000000000000e+00
3.000000000000000000e+00
2.999999999999999556e+00
3.000000000000000000e+00
2.999999999999999556e+00
3.000000000000000000e+00
3.000000000000000000e+00
3.000000000000000000e+00
3.000000000000000000e+00
2.640460333840135565e+00
2.010635057802212522e+00
2.018736445156000592e+00
2.041338348654258450e+00
2.113977038847192347e+00
2.166924546402080320e+00
2.210178236111193240e+00
2.231126125099152091e+00
2.219872248539809689e+00
2.215615760747800866e+00
2.242030259443204443e+00
2.367364982057061251e+00
2.493461321734294689e+00
2.554348157492513316e+00
2.598229099737185077e+00
2.505309814316742045e+00
2.716651714118038630e+00
2.884147857073198207e+00
2.866523754288889059e+00
2.880535539642985920e+00
2.901999076988925896e+00
2.935753168587192263e+00
2.827204527591657968e+00
2.610501294997271682e+00
2.606558940203781649e+00
2.568902307654820305e+00
2.696684495041899332e+00
2.849028711749090448e+00
2.931601029181428952e+00
2.988015976205724566e+00
3.000000000000000444e+00
3.000000000000000000e+00
3.000000000000000000e+00
2.999999999999999556e+00
2.999999999999999556e+00
3.000000000000000444e+00
2.999999999999999556e+00
2.999999999999999556e+00
3.000000000000000000e+00
3.000000000000000444e+00
3.000000000000000444e+00
3.000000000000000000e+00
2.999999999999999556e+00
3.015071559773442544e+00
3.093292463015571148e+00
3.005664475481926168e+00
3.000000000000000000e+00
3.000000000000000444e+00
3.000000000000000000e+00
3.000000000000000444e+00
2.999999999999999556e+00
3.000000000000000000e+00
3.000000000000000000e+00
3.000000000000000000e+00
3.000000000000000000e+00
3.000000000000000000e+00
3.000000000000000000e+00
3.000000000000000000e+00
3.000000000000000000e+00
3.000000000000000000e+00
3.000000000000000000e+00
3.000000000000000444e+00
3.000000000000000000e+00
2.999999999999999556e+00
3.000000000000000444e+00
2.977746984449421319e+00
2.916878192267692960e+00
2.972358138523278459e+00
2.917909215873176088e+00
2.907453196319894850e+00
2.917550809978625370e+00
3.128243730771473885e+00
3.228965370008149982e+00
3.070311916248547934e+00
2.066795687156201211e+00
1.685647901218648270e+00
1.470972571391154560e+00
1.891712875079298639e+00
2.317529205818411597e+00
2.784918754720745238e+00
2.558395271570956364e+00
2.333490277160025439e+00
2.268262631581801081e+00
2.489890602356836791e+00
2.659472359553006537e+00
2.860139394252942946e+00
3.000000000000000000e+00
3.000000000000000000e+00
3.000000000000000000e+00
3.000000000000000000e+00
2.999999999999999556e+00
3.000000000000000000e+00
3.000000000000000444e+00
3.000000000000000000e+00
3.000000000000000000e+00
3.000000000000000000e+00
3.000000000000000444e+00
3.000000000000000444e+00
3.000000000000000000e+00
3.000000000000000000e+00
3.000000000000000000e+00
3.000000000000000000e+00
3.000000000000000000e+00
3.000000000000000000e+00
2.999999999999999556e+00
2.999999999999999556e+00
2.999999999999999556e+00
3.000000000000000000e+00
3.000000000000000000e+00
3.000000000000000000e+00
3.000000000000000000e+00
3.000000000000000000e+00
3.000000000000000444e+00
3.000000000000000000e+00
3.000000000000000000e+00
2.217573308554021683e+00
1.891828572224435234e+00
2.081599263887551121e+00
2.143843886716144453e+00
2.245144769664935147e+00
2.527310657097122881e+00
2.685760943377596632e+00
2.515714503369513189e+00
1.755024414342744699e+00
2.006092486426798160e+00
2.128482229442107521e+00
2.420288011993819044e+00
2.687268421167112731e+00
3.075588873765080056e+00
3.001153751291167460e+00
2.999999999999999556e+00
3.000000000000000444e+00
3.000000000000000000e+00
3.000000000000000000e+00
3.000000000000000000e+00
3.000000000000000000e+00
3.000000000000000444e+00
2.999999999999999556e+00
3.000000000000000000e+00
3.000000000000000000e+00
3.000000000000000444e+00
3.000000000000000000e+00
3.000000000000000000e+00
3.000000000000000000e+00
3.000000000000000444e+00
3.000000000000000000e+00
3.000000000000000000e+00
3.000000000000000000e+00
3.000000000000000000e+00
3.000000000000000000e+00
3.000000000000000000e+00
3.000000000000000000e+00
3.000000000000000000e+00
3.000000000000000000e+00
2.999999999999999556e+00
3.000000000000000000e+00
3.000000000000000000e+00
3.000000000000000000e+00
3.000000000000000000e+00
3.000000000000000444e+00
3.000000000000000000e+00
3.000000000000000000e+00
3.000000000000000000e+00
3.000000000000000444e+00
2.999999999999999556e+00
3.000000000000000000e+00
3.000000000000000000e+00
3.000000000000000000e+00
3.000000000000000000e+00
3.000000000000000000e+00
3.000000000000000444e+00
2.999999999999999556e+00
3.000000000000000000e+00
3.000000000000000444e+00
2.999999999999999556e+00
3.000000000000000000e+00
3.000000000000000000e+00
2.924311442932170824e+00
2.253117093701723750e+00
2.321820573865595705e+00
2.177672528440411259e+00
2.358151200083112631e+00
2.575608928907131112e+00
2.923068123151299602e+00
3.000000000000000000e+00
3.000000000000000000e+00
2.999999999999999556e+00
3.000000000000000000e+00
3.000000000000000444e+00
3.000000000000000000e+00
3.000000000000000000e+00
2.735203441262642698e+00
2.487114525853526104e+00
2.622545135345791145e+00
2.930476090419005253e+00
2.979716054769995903e+00
3.000000000000000000e+00
3.000000000000000444e+00
3.000000000000000000e+00
3.000000000000000000e+00
2.999999999999999556e+00
3.000000000000000000e+00
3.000000000000000000e+00
3.000000000000000000e+00
3.000000000000000000e+00
2.585567829251188332e+00
2.364542254636692764e+00
2.097943520774765425e+00
1.590272207307233288e+00
1.855331362904124370e+00
2.067553915064413328e+00
2.348854601197624792e+00
2.610312982465563536e+00
2.843784715557212017e+00
2.987520763229140730e+00
3.000000000000000000e+00
3.000000000000000444e+00
3.000000000000000000e+00
3.000000000000000000e+00
3.000000000000000000e+00
3.000000000000000000e+00
3.000000000000000000e+00
3.000000000000000000e+00
2.917591542524697434e+00
2.672055804689290159e+00
2.662648705560070272e+00
2.736087496873557345e+00
2.933083087610854456e+00
3.017135988915986999e+00
3.000000000000000000e+00
3.000000000000000444e+00
3.000000000000000000e+00
3.000000000000000444e+00
3.000000000000000000e+00
2.999999999999999556e+00
3.000000000000000000e+00
3.000000000000000000e+00
2.999435781767102238e+00
3.000000000000000000e+00
3.001568056376198168e+00
3.020282340699421031e+00
3.017671341679390107e+00
3.006894910846445335e+00
3.000000000000000000e+00
3.000000000000000000e+00
2.999999999999999556e+00
3.000000000000000000e+00
3.000000000000000000e+00
3.000000000000000000e+00
2.609699328825854092e+00
2.640723254203664272e+00
2.984781940112748444e+00
3.038277339995720805e+00
3.171995782337050596e+00
3.222072960981229084e+00
3.027356149510813221e+00
3.072727247605385958e+00
3.107840556669176024e+00
2.999999999999999556e+00
3.010626967164968359e+00
3.000000000000000000e+00
3.013317401908640392e+00
2.999999999999999556e+00
3.000000000000000444e+00
2.549033245407197779e+00
2.021958975417867510e+00
2.160726949012124809e+00
2.042651966206523451e+00
2.340222659825920370e+00
2.397094110985544813e+00
2.818926514040436704e+00
2.879118405171996908e+00
3.014267146991977064e+00
3.000000000000000000e+00
3.000000000000000000e+00
2.397572879183561323e+00
2.532025568710769114e+00
2.857887917712653714e+00
2.981482553374792399e+00
3.000000000000000000e+00
3.000000000000000000e+00
3.000000000000000000e+00
3.000000000000000000e+00
3.000000000000000000e+00
3.000000000000000000e+00
3.000000000000000000e+00
2.999999999999999556e+00
3.000000000000000000e+00
3.000000000000000000e+00
3.000000000000000444e+00
3.000000000000000000e+00
3.000000000000000000e+00
2.516422518662581265e+00
2.530784880718389473e+00
2.607471856887083383e+00
2.813292277555189624e+00
2.861025334647927298e+00
2.955266839452502126e+00
2.820414380507217711e+00
2.099240490784251012e+00
2.077370812465628713e+00
2.034134393865432600e+00
2.087964133845567005e+00
2.208394820412666881e+00
2.238173149581507371e+00
2.281264120240984461e+00
2.385072365343790413e+00
2.352864383376738200e+00
2.438113776413399325e+00
2.593128003867737785e+00
2.768564724187247528e+00
2.881963919138673447e+00
2.382738516400944473e+00
1.328624543792353174e+00
1.415701757180902520e+00
1.488873775510711761e+00
1.553821457099992864e+00
1.543587100777368049e+00
1.642789898675190541e+00
1.672408051094493642e+00
1.864553580760855089e+00
2.124795360991960536e+00
2.166351736507488468e+00
2.170578080794787645e+00
2.429074734020828075e+00
2.518416211468887944e+00
2.547126985728757287e+00
2.887994746000501767e+00
2.985933620857073034e+00
3.173048891619918876e+00
2.999999999999999556e+00
3.000000000000000000e+00
3.000000000000000000e+00
3.000000000000000000e+00
2.999999999999999556e+00
3.000000000000000000e+00
3.000000000000000000e+00
3.000000000000000000e+00
3.000000000000000444e+00
3.000000000000000000e+00
3.000000000000000000e+00
3.000000000000000444e+00
3.000000000000000000e+00
3.000000000000000000e+00
3.000000000000000000e+00
3.000000000000000000e+00
3.000000000000000444e+00
3.000000000000000444e+00
3.000000000000000000e+00
3.000000000000000000e+00
3.000000000000000000e+00
3.000000000000000000e+00
2.788542644570200846e+00
1.430381933144287743e+00
1.623454335182898500e+00
1.635706824940133197e+00
1.838467629238499823e+00
1.629311354750265783e+00
2.252005927053257750e+00
2.644136048818729989e+00
2.919706061443103184e+00
3.026397291775158926e+00
3.000000000000000000e+00
3.000000000000000000e+00
3.000000000000000000e+00
2.999999999999999556e+00
3.000000000000000444e+00
2.999999999999999556e+00
2.260760614730079165e+00
1.468647523090130580e+00
1.471163020848896386e+00
1.015245819417661233e+00
8.602409428014339277e-01
1.005680054278937030e+00
1.008899379411471342e+00
9.233370975552109838e-01
8.671304953981936459e-01
9.168946123440280260e-01
7.876698427693126225e-01
8.020603662535540357e-01
8.157636729541998255e-01
9.093063712130606824e-01
9.913431431303278973e-01
1.132992706503064495e+00
1.300417120794834958e+00
1.486627774147989856e+00
1.741452581473674766e+00
2.015210339356138025e+00
2.462042752103667631e+00
2.996037344803212488e+00
3.317531171605549112e+00
3.094609696614071925e+00
3.004788579243582003e+00
2.751297819613991447e+00
2.923046278708167023e+00
2.994982462715829463e+00
3.000000000000000000e+00
3.000000000000000000e+00
3.000000000000000000e+00
2.999999999999999556e+00
3.000000000000000000e+00
2.999999999999999556e+00
3.000000000000000000e+00
3.000000000000000000e+00
2.036582686176483747e+00
1.925175754039020193e+00
2.189936840507184623e+00
2.688691479598630085e+00
2.749163136942329722e+00
2.869316429928197909e+00
2.998754209209068211e+00
3.019096922883332645e+00
2.684239660083767021e+00
2.172306132759515229e+00
2.526723751788774841e+00
2.700391056333239170e+00
2.870266950147007723e+00
2.965317719586014977e+00
3.070472717319707723e+00
3.065284631728336873e+00
3.000000000000000000e+00
2.810153179871392570e+00
2.832201878601908973e+00
2.895536658726543422e+00
2.989133021601789952e+00
3.000000000000000000e+00
3.000000000000000000e+00
3.000000000000000000e+00
3.000000000000000000e+00
2.999999999999999556e+00
3.000000000000000000e+00
2.999999999999999556e+00
3.000000000000000000e+00
3.000000000000000000e+00
3.000000000000000000e+00
3.000000000000000000e+00
2.999999999999999556e+00
3.000000000000000000e+00
3.000000000000000000e+00
3.000000000000000000e+00
3.000000000000000444e+00
3.000000000000000000e+00
3.000000000000000000e+00
2.999999999999999556e+00
3.000000000000000000e+00
2.999999999999999556e+00
2.999999999999999556e+00
3.000000000000000000e+00
3.000000000000000000e+00
3.000000000000000000e+00
3.000000000000000000e+00
3.000000000000000444e+00
2.057963419638512814e+00
2.053508596725901914e+00
2.591834355597542938e+00
2.755359260035853186e+00
2.856965459418781439e+00
2.784743750190784350e+00
2.335730425061293580e+00
2.339126945386543976e+00
2.388683383799429905e+00
2.496647373546731608e+00
2.579344901621439146e+00
2.587034584132357207e+00
2.655737216888740093e+00
2.694171746290290326e+00
2.824021571434951028e+00
2.930815657215618764e+00
2.961065066849830174e+00
3.000000000000000000e+00
2.999999999999999556e+00
3.000000000000000000e+00
3.000000000000000000e+00
3.000000000000000444e+00
3.000000000000000000e+00
3.000000000000000444e+00
3.000000000000000000e+00
3.000000000000000444e+00
1.975115781503353984e+00
1.671277900257432503e+00
1.483936773233772932e+00
1.414865493350406345e+00
1.390824224793344444e+00
1.342802945438895668e+00
1.289382009758501590e+00
1.348154365263513066e+00
1.477027739711469723e+00
1.658175719507978041e+00
1.790542503654760420e+00
1.907090534424729977e+00
1.932380191847486550e+00
