7.829957168192730466e-01
6.735936244295190889e-01
7.769877951961814411e-01
1.082993418278193065e+00
9.443206886119298593e-01
8.179035134948178243e-01
9.891724858235591000e-01
9.814663109504098149e-01
7.503869271023537735e-01
6.741096885789968907e-01
6.262368101285534783e-01
6.949234072711812926e-01
7.771148858483665212e-01
6.855768302005517123e-01
6.407158968466494242e-01
7.500037161544964581e-01
8.688096191445060512e-01
9.341799816550799829e-01
9.822081440926018203e-01
1.212024501378159203e+00
9.983812099224961267e-01
9.694532482190414413e-01
6.320863668063179119e-01
6.467127800640107838e-01
5.257744922843069491e-01
4.243554134724787374e-01
3.465422032568826194e-01
2.834686534652293144e-01
2.399906172441695074e-01
2.944902219208470617e-01
3.469399792572626651e-01
3.213845835338694501e-01
4.253771120632985903e-01
4.948652388276682523e-01
5.078204330199733718e-01
5.529802748811259994e-01
5.593892855980580059e-01
5.550945927736006258e-01
5.370563824004435105e-01
4.930860413347169513e-01
4.200394687975194663e-01
3.251589289624816081e-01
2.254131230227346683e-01
1.516727974452295735e-01
1.257914616255886298e-01
1.221446685439859653e-01
3.500378006883657633e-01
7.202493976724726465e-01
1.068859060532255656e+00
1.308635887772068296e+00
1.454241278641413615e+00
1.686436386156627609e+00
1.927487659123657382e+00
2.106204953272588831e+00
2.220694233266947926e+00
2.112465967519795651e+00
1.900714545223777918e+00
1.547802136805759510e+00
1.138749606747093468e+00
7.540894553338196582e-01
5.054609836426018354e-01
4.446330260318224759e-01
5.144623129946015450e-01
4.814715418313613715e-01
3.547185769126768307e-01
2.517780862310722845e-01
2.066521617657333942e-01
2.723944638196411083e-01
3.707864265715160590e-01
4.450555541669032888e-01
5.034237485978235727e-01
5.603761726605667182e-01
6.200066237663864888e-01
6.744424371205023361e-01
7.235167468839587279e-01
7.509009563013094857e-01
7.925241507894847937e-01
8.542874136557929710e-01
8.191182388687480165e-01
7.556542085873008130e-01
6.288765643594441679e-01
4.804722466567794559e-01
3.135769037085843758e-01
1.000673736349994292e-01
1.691522656308609984e-01
3.901385564752858359e-01
6.096761332868742000e-01
8.423617022403455668e-01
9.697650243423808769e-01
1.064519488935567582e+00
1.066089712830329939e+00
9.271918077118604939e-01
8.639814550856376174e-01
5.011619774670238447e-01
4.649066850613099988e-01
5.793726236768937943e-01
7.580447893028277040e-01
9.626643062947496388e-01
1.194955677016954265e+00
1.431836856884632247e+00
1.623691145041961104e+00
1.827621520159309343e+00
1.406059371691966486e+00
1.105925998396909637e+00
1.070309130304036627e+00
7.933599421752961511e-01
1.057223752837120223e+00
9.365249592858843064e-01
9.600492387351524659e-01
8.671173016938598099e-01
9.518476665680248860e-01
1.133226503170319699e+00
1.312921545463102024e+00
1.322335719343576743e+00
1.422078551174463579e+00
1.477085397503960618e+00
1.493186461729561598e+00
1.517486505160879018e+00
1.543314704183531116e+00
1.502086402037960955e+00
1.450994604467692684e+00
1.500251254081613750e+00
1.472980715573252164e+00
1.311560235065663882e+00
1.226241711303789561e+00
1.125875519831553762e+00
8.891641372825097589e-01
5.933428546854832009e-01
4.032805667143434247e-01
3.761167666599488646e-01
3.688449771059571503e-01
3.882781188603065536e-01
4.447500517475527770e-01
5.838041153349060597e-01
8.098710452581511232e-01
1.057220825937685627e+00
9.921970653798254380e-01
1.358522977789247133e+00
1.587173465412578421e+00
1.776737913141792191e+00
1.649765794488226689e+00
1.547582951893235137e+00
1.462278932920352048e+00
9.961210327590548363e-01
1.008962486163561989e+00
7.365099854945799107e-01
6.627994759470713371e-01
6.646312720682612252e-01
7.909526476834816133e-01
8.254414028457632835e-01
1.059231411629703246e+00
1.297428252274778870e+00
1.604717391239701252e+00
1.819916851334091978e+00
1.711234765940740976e+00
1.635241054478781431e+00
1.648897369772838850e+00
1.629198484466293229e+00
1.446664239269204844e+00
1.277845774481968011e+00
1.235965688831352161e+00
1.601683279115600600e+00
1.550929752637853376e+00
1.964511628636381735e+00
1.921678946933505827e+00
1.709584954611227392e+00
1.333011804935699596e+00
1.016657606860026597e+00
8.203568117259253389e-01
6.636444406579088406e-01
4.589373377615535432e-01
4.764499204590884052e-01
6.298556553238439104e-01
9.804755432093754663e-01
1.223777840082978852e+00
1.461779507704655590e+00
2.117260752704223314e+00
2.033204414747090016e+00
1.886757034987079473e+00
1.665728385809359668e+00
1.683857601569078266e+00
1.545323483395359521e+00
1.016256943351693254e+00
1.066197376412319597e+00
1.299972146895971070e+00
9.023545311176885964e-01
9.470437651671174129e-01
6.081051449033003653e-01
5.577838188854281620e-01
1.911432834463416275e-01
2.237754604406981540e-01
4.430846092649526891e-01
3.494612194797875881e-01
6.958634534196694865e-01
6.296573037185357880e-01
8.176572023666119904e-01
6.863283819395209484e-01
7.366371097017989644e-01
9.820112440301626000e-01
1.212432602046745300e+00
1.205729771980027287e+00
1.278574783281513305e+00
1.360998308311184291e+00
1.186451548464640293e+00
1.503403790827392505e+00
1.787565234560048788e+00
2.225444360728614512e+00
2.498954786115714199e+00
2.570042245414157378e+00
2.559664592090409307e+00
2.488799552356575795e+00
2.392142379518243267e+00
2.402344889121875049e+00
2.376680054162448208e+00
2.314048942983583768e+00
2.216671691387525289e+00
2.089491610689775403e+00
2.001311180888068808e+00
1.112158200829312493e+00
9.492618463265823925e-01
9.522125952528351922e-01
9.804920389033533468e-01
1.108345728376120887e+00
1.234680342164733657e+00
1.468832959291748175e+00
1.840032309593511606e+00
2.305728677024724060e+00
2.706616576060390411e+00
2.866974374761706912e+00
2.877031959002250172e+00
2.668757395990012604e+00
2.529154020750177256e+00
2.361731169523039853e+00
2.250031638422425040e+00
2.144336728290461291e+00
1.657494288169881980e+00
9.145582705747385965e-01
4.433880692634450948e-01
6.108732092670760006e-01
1.357303140891551185e-01
5.212153286426732812e-01
3.481510205922703771e-01
5.255000232786161130e-01
7.664684640187715559e-01
7.997858070444583412e-01
9.174164955125603260e-01
9.051100672663880964e-01
8.621675628635079303e-01
9.720188960649583931e-01
1.129289240094487390e+00
1.101510469971087813e+00
1.018865225338250857e+00
9.857452934236161646e-01
9.404793837130087653e-01
8.926540001633609389e-01
8.483473252765204586e-01
7.590189705690923994e-01
7.104206073106532626e-01
6.967598939868717700e-01
6.546367682301585944e-01
5.476331917204826372e-01
4.678514225063800658e-01
4.804414291409724314e-01
4.238267641610719005e-01
3.157911684078382741e-01
2.686851367190786211e-01
2.246219622378878011e-01
1.663270336877467337e-01
1.670250082683598647e-01
2.059567426744691454e-01
2.177301986261323263e-01
1.925899260520877732e-01
1.634245209549000655e-01
1.631793494210082018e-01
2.075277428292016391e-01
2.313336126696146078e-01
2.290002319519830742e-01
1.889772333899630563e-01
1.164098267221825994e-01
1.126843472589614537e-01
2.259192364725832458e-01
3.525928298835740993e-01
5.182051745706021117e-01
7.152961693561220580e-01
9.701831918663830212e-01
1.277027303417614279e+00
1.035523121820177694e+00
9.749863056998072652e-01
1.204704250575253210e+00
1.255853024456331068e+00
1.301375525952984891e+00
1.325395394996981668e+00
1.247938605733263318e+00
1.077553447702441769e+00
7.859786509481703209e-01
5.380686969265254804e-01
5.708656321104091935e-01
6.342144369389755010e-01
7.632765522112908707e-01
8.246010130540906147e-01
7.859457484289701368e-01
7.444580057150922414e-01
7.926499008406392432e-01
7.444153063798705228e-01
6.209345446018386117e-01
5.307271840324652157e-01
4.867138034283155501e-01
4.169722262976815474e-01
2.666466303479863575e-01
2.493289972830596279e-01
2.614262060163211610e-01
3.142407700889625621e-01
3.325376183539056063e-01
3.397228499600493112e-01
3.260927554673768158e-01
4.423019508602564209e-01
5.518047167779063233e-01
5.389284894103055779e-01
4.955054333074233042e-01
4.311428301519979467e-01
4.073478230166981962e-01
4.015579913849372518e-01
4.046865085248340099e-01
3.875142162453001360e-01
3.959227666594345996e-01
3.973578148064720872e-01
3.169401500824442497e-01
3.225907789046409957e-01
3.635619512541833354e-01
3.661776021678992410e-01
3.749958001946632757e-01
4.721917108094662585e-01
5.579029519094413914e-01
6.710751774760669308e-01
7.541201256060295899e-01
8.825079216607832899e-01
9.265527565299395141e-01
9.981310592555632244e-01
1.049157678673581451e+00
1.077501517542060583e+00
1.121679334370337955e+00
1.186253253050072010e+00
1.279116540321740381e+00
1.393150428200373048e+00
1.627355523430005668e+00
1.903167692032508240e+00
2.104826906559897015e+00
2.031765846695718025e+00
1.754617085709705426e+00
1.430873037270252501e+00
1.183803121107979583e+00
1.006205985710372453e+00
8.888105094783955717e-01
8.425405751253444153e-01
8.191447802896457686e-01
8.050060596159318571e-01
8.060375515632690613e-01
8.271578109554037495e-01
8.568215968905752433e-01
8.880006992102147390e-01
9.056698789855821552e-01
9.233722933023926771e-01
9.613730679540711810e-01
9.794881616885007247e-01
9.853650405297971204e-01
1.069627837956251604e+00
1.107228298171754721e+00
1.148151069838989402e+00
1.333261059742917087e+00
1.433682499197126203e+00
1.534836526057013373e+00
1.707055153239934953e+00
1.823737073627111460e+00
1.901394490976432428e+00
1.936809980444659463e+00
1.978949228147367512e+00
1.986421454775176842e+00
1.912578680616424665e+00
1.874408885720182605e+00
1.785074676778671821e+00
1.719324984008567814e+00
1.648063579617210950e+00
1.592015561328857576e+00
1.636163340540095934e+00
1.674179453474132773e+00
1.630359463748427107e+00
1.599752717700017257e+00
1.539622066371648446e+00
1.359563627616676040e+00
9.892705189722871273e-01
8.072246712202280072e-01
7.841287312753514316e-01
6.116041094237674169e-01
5.431740027134444038e-01
5.989573438011509543e-01
6.988422975016337357e-01
7.837697422229870092e-01
9.094393050610971585e-01
1.046556880678036316e+00
1.214134685366014210e+00
1.230332725217700984e+00
1.338744112927571006e+00
1.392348481380583758e+00
1.362537649313614541e+00
1.326331913436682441e+00
1.382664630628088753e+00
1.444618176446027968e+00
1.548135575460777291e+00
1.687483646356473743e+00
1.753524625014578397e+00
1.826783303568382033e+00
1.961906469971955946e+00
2.036889190152673557e+00
2.049643320387821710e+00
1.911672306696337920e+00
1.634219275844023711e+00
1.280303695397844610e+00
1.016857574215778381e+00
6.038826699335221315e-01
3.382342882627493719e-01
3.262611151961340994e-01
4.351427243868933870e-01
5.688787970591432375e-01
7.008434230411405563e-01
8.215382276099216785e-01
9.367489148180070391e-01
1.031269542303004050e+00
1.104809940219460884e+00
1.120414272376605958e+00
1.111072655680307664e+00
1.091863321491310934e+00
1.047441625000067544e+00
8.917421993122779389e-01
7.112821763616568038e-01
6.599927993102334689e-01
5.196691432339715089e-01
4.173298304062711961e-01
2.775991587047115239e-01
1.062725392119143047e-01
1.909053976812091769e-01
3.910373563073449854e-01
4.636584598651846689e-01
5.744496403656418337e-01
7.697499260221628559e-01
8.581735519892506048e-01
9.322175529383116555e-01
1.010022971060793529e+00
1.044386568597628795e+00
1.030072196817575225e+00
1.007511281763240119e+00
1.008610473955398490e+00
9.958842749171449293e-01
9.632326661021777259e-01
9.328915368119441442e-01
8.525304048523563161e-01
8.596951296128244602e-01
7.679462382664343778e-01
5.591479076561465256e-01
4.268362734043462114e-01
3.205536717591535578e-01
1.404363950291360463e-01
1.239126422166712121e-01
1.850183819207997793e-01
2.377744235693858565e-01
2.909705555784189435e-01
3.279913138253738314e-01
3.505655910375244377e-01
4.083884326410866517e-01
4.142269429515166856e-01
4.301127015370541096e-01
4.989152661412311618e-01
5.822916533366605529e-01
7.514402949728277159e-01
8.577454170247548193e-01
8.904975470417643146e-01
1.025317010021380648e+00
1.147447119933976634e+00
1.251748888834353535e+00
1.356658725568754553e+00
1.259817617706306292e+00
1.074768096054875999e+00
7.060522669711564170e-01
1.753338944322669901e-01
4.619838599865139783e-01
1.051214796901559279e+00
1.525492987362640385e+00
1.867342362081585216e+00
2.136756685386075549e+00
2.131650413181639170e+00
1.933983648743953454e+00
1.788028584480763072e+00
1.724696012066054829e+00
1.594440455244518606e+00
1.483572468545612866e+00
1.355873576598442432e+00
1.143352525269502706e+00
9.973543964000254336e-01
1.050917750477365020e+00
1.127744207624841399e+00
1.203499221880517833e+00
1.163280406429508806e+00
1.330892066685258612e+00
1.633958468095823902e+00
1.582828297715162869e+00
1.237094855037688790e+00
1.008829539713204326e+00
1.022137640951627624e+00
7.562506834192223026e-01
1.222095240372167657e+00
1.415336486164385343e+00
1.687448243418741445e+00
2.085949584940241852e+00
2.242757179149270641e+00
2.523635176641288780e+00
2.576650806892319512e+00
2.413685153421470719e+00
2.238626220365909969e+00
2.074439802502139329e+00
1.829932704909903229e+00
1.313480390171655188e+00
1.648918842440901589e+00
1.748881208715425739e+00
2.111434313859732459e+00
2.441832838162666164e+00
2.643479773112227260e+00
2.230036202970605341e+00
1.766494276392001739e+00
1.623470825880304114e+00
1.493959997647491988e+00
1.377857979301271074e+00
1.209559459346337906e+00
9.917003908116638344e-01
7.171349815758826240e-01
5.133085557245212760e-01
4.084191876563246226e-01
3.960200299707137828e-01
5.904727101105147202e-01
4.279462833972115243e-01
4.320890854216768995e-01
5.644423514556189403e-01
6.581379896678770658e-01
7.584598148768203485e-01
8.535560664421795174e-01
6.985874369238799231e-01
6.832234475379747041e-01
6.036528428175261807e-01
5.862433185010956782e-01
4.382996851968289920e-01
4.734576948066268054e-01
4.891347578000602714e-01
6.547771224093346110e-01
6.968212601962701092e-01
6.024011085347397154e-01
5.134902022050956694e-01
6.214705606288900563e-01
5.390549226386299742e-01
4.401402946203558653e-01
3.294113946414455874e-01
3.619387540210809995e-01
3.264318135715045810e-01
3.022069194926864655e-01
1.896874341927966834e-01
1.829973483744188611e-01
4.701817524824843386e-01
4.078592617007107402e-01
4.257763917784498364e-01
3.577091302501839709e-01
4.418554269206645957e-01
5.161713034366915975e-01
6.869940897170122573e-01
8.398696194495779421e-01
8.283621877912286102e-01
8.365567938082792976e-01
9.506555142301734707e-01
1.045810439632961719e+00
1.044863623411155906e+00
9.672695194538217800e-01
9.713514444057139707e-01
9.602015186807908442e-01
8.483764868947054616e-01
7.884269242866901450e-01
8.397596824085046263e-01
8.778068321345265934e-01
8.790136727257404914e-01
8.764240032744646802e-01
8.367984855926228205e-01
7.832143786168779265e-01
6.909640450536285172e-01
6.286544983418034249e-01
5.733947449594917201e-01
5.218887138977225115e-01
5.559143361143175088e-01
5.903977573399094014e-01
6.114060058405623721e-01
6.282096991775835138e-01
6.471751514540075023e-01
6.677374507479683086e-01
6.868631153020260394e-01
6.941573067315330858e-01
7.036727997697564962e-01
7.094711264319566446e-01
7.140792512001017389e-01
7.284339918859230600e-01
7.596786947154768876e-01
7.624181144564657897e-01
7.905292818834795954e-01
8.145338826439870727e-01
8.199883612175374870e-01
8.158822552861655364e-01
7.875997113756241230e-01
7.795946552802059948e-01
7.256640823542023222e-01
7.260937991152042192e-01
7.494883005348145222e-01
7.126695403522957939e-01
6.319366473638979853e-01
5.207780366622821733e-01
4.065079330827891524e-01
4.212426296236086998e-01
3.978436931814137156e-01
3.837135444825687802e-01
3.789666062058957841e-01
3.640654673209404169e-01
3.559459699561606238e-01
3.485588653905516976e-01
3.357357452954050081e-01
3.146579628515728255e-01
3.177456355542533362e-01
3.274325390950310610e-01
4.401883743574828145e-01
5.766011873858253312e-01
6.637925058404873235e-01
8.488306857464682498e-01
1.012005955540269619e+00
1.092185123642706257e+00
1.184515339081309460e+00
1.267321383850326777e+00
1.176988617164837381e+00
1.086441047633907253e+00
1.010115858129388311e+00
5.670129922295540359e-01
4.677408377925538208e-01
3.510929272244699972e-01
1.953746697501554108e-01
1.089685797069951390e-01
1.380395183912968282e-01
2.108394877934510747e-01
3.565479341434813487e-01
5.491030832969737707e-01
6.358565862607663544e-01
6.948913332963192468e-01
1.392989159087961282e+00
1.826684558725043317e+00
1.996232054208400442e+00
1.897888734610218231e+00
1.903128764934129968e+00
1.547428164301660081e+00
1.537651883792700014e+00
1.172993390758838572e+00
1.086338372997706969e+00
1.147436539572214587e+00
1.253945548791427278e+00
1.522255572899136711e+00
1.794063720498512815e+00
2.020455693747068349e+00
2.062600295148358409e+00
1.867913123055411129e+00
1.607808567661094923e+00
1.557219550970148525e+00
1.450589980065117635e+00
1.468352269479192174e+00
1.285258314279179803e+00
1.471844518698093740e+00
1.208534453871902059e+00
1.267840620771513827e+00
9.775945199555791110e-01
1.065508149806071225e+00
8.299116090998025497e-01
6.693531955083373841e-01
5.895352392986709100e-01
4.885383183859766110e-01
5.603761246081059300e-01
7.584687587107096229e-01
1.221217250801628351e+00
1.703873230392506155e+00
2.177885671540112256e+00
2.579941016842577373e+00
2.482107418014643407e+00
2.038081936170329289e+00
1.589363522366326498e+00
1.508358444271183929e+00
1.786658394347799605e+00
2.130228915302190718e+00
2.433932298317703413e+00
2.145285475938778497e+00
1.537205393703973355e+00
1.040449302257508757e+00
7.360272380794944391e-01
5.670145259674084226e-01
3.969144132778409384e-01
3.208842101930450275e-01
3.168877194983091283e-01
3.661495712265875335e-01
5.225606883341927800e-01
5.968260298447551904e-01
6.952175780263881721e-01
5.870738078016332073e-01
5.459737029123832297e-01
3.800612908476254104e-01
2.606191002379946720e-01
2.972790546841440062e-01
4.957678483094393185e-01
5.793823194952706368e-01
9.318677837439734990e-01
1.229066737049940850e+00
1.387575711587222926e+00
1.832876121916083179e+00
2.264214005480411629e+00
2.518348978764931800e+00
2.440911565728977273e+00
2.363215162205177133e+00
2.314402288817650977e+00
2.281703702238462306e+00
2.213746037097326980e+00
2.068634336151399911e+00
1.822246437447261336e+00
1.537086390461553709e+00
1.287533370023870694e+00
1.064904866824120111e+00
9.270524913399817990e-01
8.853964572166885816e-01
8.750602772179244537e-01
9.673181007796126663e-01
1.115072213500716281e+00
1.295188454897778785e+00
1.421642680412248838e+00
1.466614307228363945e+00
1.430654315023998313e+00
1.257530316085812228e+00
1.182413139767005239e+00
1.023266436622688014e+00
7.470454569931844757e-01
5.786160190208775589e-01
4.765547436545778948e-01
4.301631620920519095e-01
4.257738626246092006e-01
4.540594655920212053e-01
5.408017582476573049e-01
6.243737318355860877e-01
6.712098228434734137e-01
6.545043686716720543e-01
6.113619860801553507e-01
5.686308601651322014e-01
5.239382572886589484e-01
4.181743381310076835e-01
4.420725586016605591e-01
4.656140615389650628e-01
4.369390861532344572e-01
4.418833380018013512e-01
4.633045369836773508e-01
4.180154735828890411e-01
4.266347840944688663e-01
5.096372711726573357e-01
5.382959446594782760e-01
5.405483212128703308e-01
5.789582836285681600e-01
6.132587559494427909e-01
7.206605963647227941e-01
9.755132262205544746e-01
1.249474070111745272e+00
1.497941339663531268e+00
1.783898953000090382e+00
2.156401261775352296e+00
2.591241477051486886e+00
2.966551718914339553e+00
2.998299105905763540e+00
2.502209694976101240e+00
2.353265369746128322e+00
1.976516973916665032e+00
2.137909998407407475e+00
2.205950329167989832e+00
2.181103565991941995e+00
1.892623002294604229e+00
1.640827111368126090e+00
1.500506824065729994e+00
1.254370772464661110e+00
1.040058844138844751e+00
9.461039592081017524e-01
8.429242810515138462e-01
7.597018088522412560e-01
6.886556762603005533e-01
6.396847806424115213e-01
6.472792433370754273e-01
5.770935554727031347e-01
6.046491471105278626e-01
6.525755037508245149e-01
6.533514658016940091e-01
6.783054603690492623e-01
6.806313154974354962e-01
6.366843348584739770e-01
6.136649037669821283e-01
6.028665000180589706e-01
5.896512220387681857e-01
5.911663370900732684e-01
5.892480911289196266e-01
5.836657107683478340e-01
5.703110579145433956e-01
5.482122754804498177e-01
5.306375992010786691e-01
5.239981634392549825e-01
5.084826046854062920e-01
5.145708736606009470e-01
5.218978756324725854e-01
5.327393464291120262e-01
5.564419580612308680e-01
5.588862795662810079e-01
5.653962104185136228e-01
5.839532582962061458e-01
6.219893450372512289e-01
6.631552262319360125e-01
6.826978713618410133e-01
7.017567990348783091e-01
6.634175112838434085e-01
6.703556474752391248e-01
6.611676408240138025e-01
6.366670480144286381e-01
6.399686847021732738e-01
7.262515635243178558e-01
8.024547948961620047e-01
8.958997825869841058e-01
1.094304193196043551e+00
1.147219357665103523e+00
1.154531810960277793e+00
7.324515367489667916e-01
6.246262373791547917e-01
5.169882466789501585e-01
2.595066770536874623e-01
1.427963810520883059e-01
1.041464952718713088e-01
2.816397234466088695e-01
3.104468155219949899e-01
4.556710962115991803e-01
5.458083012033478898e-01
6.698621699249621697e-01
7.013771365979215577e-01
7.734607614617237115e-01
9.165508003289748462e-01
7.436937046134314278e-01
6.096408012251454123e-01
5.307730111688686581e-01
4.884628241618077515e-01
6.066161176301353430e-01
8.566681522071695198e-01
1.234747618965267080e+00
1.292660004038874044e+00
1.277589296237823024e+00
1.428913053460645566e+00
1.548352187306459404e+00
1.773821770203604542e+00
1.210429492306021260e+00
7.674852739409571134e-01
1.830694713602814550e-01
2.683228729004373536e-02
4.159340618587978877e-01
7.320707288726028272e-01
8.283772388343498827e-01
1.039914850331250085e+00
1.046497204362386135e+00
9.161860781159113509e-01
8.035603958681667436e-01
6.471472396733480847e-01
4.440365826009040062e-01
3.008649298314896581e-01
2.602162388460522169e-01
2.416801866027994683e-01
2.399075876056473711e-01
2.553262586557871194e-01
2.788536676680648529e-01
3.292597668038947378e-01
3.421194907664782958e-01
2.193862568220051878e-01
7.736003541953123674e-02
1.116008234866265741e-01
2.029254504950681326e-01
3.153709960488251807e-01
5.204191274842362436e-01
5.483128145682598653e-01
4.815292521614477073e-01
5.201126453272378880e-01
4.511959143878223055e-01
3.992937078340198509e-01
5.479779137308378179e-01
3.908826218521057050e-01
4.028334804338568054e-01
4.186077298611490249e-01
5.886595237246898815e-01
7.622012388976660002e-01
7.592446103348681197e-01
8.052280579804417249e-01
6.335776080318314962e-01
