7.518871384976245631e-01
7.683783424493543235e-01
7.444749170971706187e-01
7.521035777402702571e-01
7.845026630095390807e-01
8.348951680659024710e-01
7.981723929088064828e-01
8.433722076893327424e-01
7.858056044757463221e-01
8.125576691697229403e-01
7.900840776937542165e-01
8.045850989577534307e-01
7.724274008480481735e-01
7.734697793203960670e-01
8.001681393578645718e-01
8.328384132323962685e-01
8.271809992581062865e-01
8.163132579845813197e-01
8.174683857262063924e-01
8.046071278013371408e-01
6.439717618980923541e-01
5.816766268944650875e-01
6.618738729676919563e-01
5.289233430870429187e-01
5.177026710011110033e-01
5.000000000000000000e-01
4.999999999999999445e-01
5.000000000000000000e-01
5.000000000000000000e-01
5.000000000000000000e-01
5.000000000000000000e-01
5.000000000000000000e-01
5.000000000000000000e-01
5.000000000000000000e-01
5.000000000000000000e-01
5.000000000000000000e-01
5.000000000000000000e-01
5.000000000000000000e-01
7.113894964611693350e-01
7.018821110933437524e-01
7.240712001919712426e-01
7.059356555565663438e-01
7.103150309945089891e-01
7.130731295932912772e-01
7.056345477843065650e-01
6.984531257193640208e-01
6.997627105697087346e-01
6.970018919083117437e-01
6.994581779527238030e-01
6.988263502680471806e-01
6.935463149004302830e-01
6.970917207389391024e-01
6.903757006465992552e-01
7.031766067124606279e-01
6.978181465350173918e-01
6.986286590153866216e-01
6.767819164572576041e-01
6.979630436898027757e-01
6.084159600513225907e-01
5.985399148219966436e-01
5.848709396756073264e-01
5.684250182765101522e-01
5.708887614856665849e-01
5.650147130489485692e-01
5.643626205549074903e-01
5.689078155343091359e-01
5.931492969670015825e-01
6.097785585702021338e-01
6.202703720610022176e-01
6.264803016192950214e-01
6.704622614005265602e-01
6.848115588195319292e-01
6.804620573388616700e-01
6.794319382187034018e-01
6.867255287652304085e-01
6.893964778317860365e-01
7.142730476336247580e-01
7.139884847190962613e-01
7.024728400073910750e-01
6.704316791875647441e-01
6.743156794385328778e-01
7.257433687286135582e-01
7.047454556931748160e-01
7.091001883246718096e-01
7.012974696620730697e-01
7.038397838280457952e-01
7.180962988391497159e-01
5.976829969097153805e-01
5.583265579586697003e-01
5.067023605611242765e-01
5.034109571968484742e-01
5.000000000000000000e-01
5.000000000000000000e-01
5.000000000000000000e-01
4.999999999999999445e-01
4.999999999999999445e-01
4.999999999999999445e-01
5.000000000000000000e-01
5.000000000000000000e-01
5.000000000000000000e-01
4.999999999999999445e-01
5.000000000000000000e-01
5.000000000000000000e-01
5.000000000000000000e-01
5.000000000000000000e-01
5.000000000000000000e-01
5.000000000000000000e-01
5.000000000000000000e-01
5.000000000000000000e-01
5.000000000000000000e-01
5.000000000000000000e-01
5.000000000000000000e-01
4.999999999999999445e-01
5.000000000000000000e-01
5.000000000000000000e-01
5.000000000000000000e-01
5.000000000000000000e-01
5.000000000000000000e-01
4.999999999999999445e-01
4.999999999999999445e-01
5.000000000000000000e-01
5.000000000000000000e-01
5.000000000000000000e-01
4.999999999999999445e-01
5.000000000000000000e-01
4.999999999999999445e-01
5.000000000000000000e-01
5.000000000000000000e-01
4.649025453283553433e-01
4.710348564237307745e-01
4.323430519680516171e-01
5.800254546349310480e-01
5.743643596047588451e-01
6.851441641978170960e-01
6.779483803867099034e-01
6.717464272911208845e-01
5.877027730606125822e-01
6.857438682804810615e-01
6.540523657424122117e-01
7.033393879718442543e-01
7.072071371293293662e-01
6.581371892917502464e-01
6.176173012022597719e-01
6.650032359651467662e-01
6.781169555761479284e-01
6.141268079725363815e-01
6.354892585739453370e-01
6.095725387100973114e-01
6.061166676514637697e-01
6.106420484127667025e-01
5.823090215523065716e-01
6.220320244146619881e-01
6.187002276122262057e-01
5.625558595911422932e-01
5.103604322725394660e-01
5.228642679933142023e-01
5.149149849973649884e-01
5.469253133734871541e-01
5.000000000000000000e-01
5.000000000000000000e-01
5.096947764479573539e-01
5.327272983057744771e-01
4.999999999999999445e-01
5.033216346722974022e-01
5.236692710267160100e-01
5.000000000000000000e-01
5.000000000000000000e-01
4.999999999999999445e-01
5.000000000000000000e-01
5.000000000000000000e-01
5.000000000000000000e-01
5.000000000000000000e-01
5.000000000000000000e-01
4.999999999999999445e-01
5.000000000000000000e-01
5.000000000000000000e-01
5.000000000000000000e-01
5.000000000000000000e-01
5.000000000000000000e-01
4.987645117778243820e-01
6.780681355929957244e-01
6.970290658621182134e-01
4.486274770757649466e-01
4.961774029656805252e-01
5.641234885353053619e-01
3.937023867691632484e-01
5.707367302716758184e-01
5.678048664820254388e-01
6.029056622286618206e-01
4.647488991612802045e-01
3.800931528867538267e-01
3.441367259236410847e-01
2.048280696922812893e-01
3.676178583996572158e-01
1.328252107449238717e-01
1.962335713698611650e-01
1.015924955748782332e-01
2.188699440970320043e-01
3.761924465604699064e-01
4.272656292168400261e-01
4.941657352816519189e-01
5.000000000000000000e-01
5.000000000000000000e-01
4.999999999999999445e-01
5.000000000000000000e-01
5.000000000000000000e-01
5.000000000000000000e-01
5.000000000000000000e-01
5.000000000000000000e-01
4.999999999999999445e-01
4.999999999999999445e-01
4.999999999999999445e-01
5.000000000000000000e-01
4.999999999999999445e-01
5.000000000000000000e-01
5.000000000000000000e-01
4.999999999999999445e-01
5.000000000000000000e-01
5.000000000000000000e-01
5.000000000000000000e-01
5.000000000000000000e-01
5.000000000000000000e-01
4.999999999999999445e-01
4.999999999999999445e-01
5.000000000000000000e-01
5.000000000000000000e-01
5.000000000000000000e-01
5.000000000000000000e-01
5.000000000000000000e-01
5.000000000000000000e-01
5.000000000000000000e-01
5.000000000000000000e-01
5.000000000000000000e-01
5.000000000000000000e-01
5.000000000000000000e-01
4.999999999999999445e-01
5.000000000000000000e-01
5.000000000000000000e-01
5.000000000000000000e-01
5.000000000000000000e-01
5.000000000000000000e-01
5.000000000000000000e-01
4.999999999999999445e-01
5.000000000000000000e-01
4.999999999999999445e-01
5.000000000000000000e-01
5.000000000000000000e-01
5.000000000000000000e-01
5.000000000000000000e-01
5.000000000000000000e-01
4.999999999999999445e-01
5.000000000000000000e-01
5.000000000000000000e-01
5.000000000000000000e-01
5.000000000000000000e-01
5.000000000000000000e-01
5.000000000000000000e-01
5.000000000000000000e-01
5.000000000000000000e-01
5.000000000000000000e-01
5.000000000000000000e-01
5.000000000000000000e-01
5.000000000000000000e-01
5.000000000000000000e-01
4.999999999999999445e-01
5.000000000000000000e-01
5.000000000000000000e-01
5.000000000000000000e-01
5.000000000000000000e-01
5.000000000000000000e-01
5.000000000000000000e-01
5.000000000000000000e-01
5.000000000000000000e-01
5.000000000000000000e-01
5.000000000000000000e-01
5.000000000000000000e-01
5.000000000000000000e-01
5.000000000000000000e-01
5.000000000000000000e-01
5.000000000000000000e-01
5.000000000000000000e-01
5.000000000000000000e-01
4.999999999999999445e-01
5.000000000000000000e-01
5.000000000000000000e-01
4.999999999999999445e-01
4.999999999999999445e-01
4.999999999999999445e-01
5.000000000000000000e-01
4.999999999999999445e-01
4.999999999999999445e-01
5.000000000000000000e-01
5.000000000000000000e-01
4.999999999999999445e-01
4.999999999999999445e-01
5.000000000000000000e-01
4.999999999999999445e-01
5.000000000000000000e-01
5.000000000000000000e-01
5.000000000000000000e-01
5.000000000000000000e-01
5.000000000000000000e-01
5.000000000000000000e-01
5.000000000000000000e-01
4.999999999999999445e-01
5.000000000000000000e-01
5.764750787417020073e-01
6.621772637371069470e-01
7.088061523329470814e-01
7.036153741910489146e-01
6.931741458460379812e-01
6.322182478625579805e-01
5.997684801625261519e-01
5.423513136038177196e-01
6.857574661445571262e-01
7.809216321004365247e-01
7.719442854846051416e-01
7.481590650240546037e-01
5.928533064469312386e-01
5.530265604765206566e-01
5.344386565003154121e-01
4.978014652167653264e-01
5.565807413184370445e-01
4.500848094674516631e-01
3.812957417579163066e-01
3.896704043486979852e-01
3.486221630889477230e-01
3.638070758740131194e-01
3.997337565991278541e-01
3.981405386397554591e-01
4.685005240723740805e-01
4.577090809278669403e-01
4.966238867739409257e-01
4.383920620120843603e-01
3.333336423617965782e-01
4.917744421662623711e-01
5.655281617244601877e-01
4.843365600755799028e-01
5.077839547401943321e-01
5.305190479392047909e-01
4.916280308951089806e-01
5.000000000000000000e-01
5.000000000000000000e-01
5.000000000000000000e-01
5.000000000000000000e-01
5.000000000000000000e-01
5.000000000000000000e-01
5.000000000000000000e-01
5.000000000000000000e-01
5.000000000000000000e-01
4.999999999999999445e-01
5.000000000000000000e-01
5.000000000000000000e-01
5.000000000000000000e-01
5.000000000000000000e-01
5.000000000000000000e-01
5.000000000000000000e-01
5.000000000000000000e-01
5.000000000000000000e-01
5.000000000000000000e-01
4.999999999999999445e-01
5.000000000000000000e-01
5.000000000000000000e-01
5.000000000000000000e-01
5.000000000000000000e-01
4.999999999999999445e-01
5.000000000000000000e-01
5.000000000000000000e-01
5.000000000000000000e-01
5.000000000000000000e-01
4.999999999999999445e-01
5.000000000000000000e-01
5.000000000000000000e-01
5.000000000000000000e-01
5.000000000000000000e-01
5.000000000000000000e-01
5.000000000000000000e-01
5.000000000000000000e-01
5.000000000000000000e-01
5.000000000000000000e-01
5.000000000000000000e-01
5.000000000000000000e-01
5.000000000000000000e-01
5.000000000000000000e-01
5.000000000000000000e-01
5.000000000000000000e-01
5.000000000000000000e-01
5.000000000000000000e-01
5.000000000000000000e-01
5.000000000000000000e-01
5.000000000000000000e-01
5.000000000000000000e-01
5.000000000000000000e-01
5.000000000000000000e-01
5.000000000000000000e-01
5.000000000000000000e-01
5.000000000000000000e-01
5.000000000000000000e-01
5.000000000000000000e-01
4.999999999999999445e-01
5.000000000000000000e-01
5.000000000000000000e-01
5.000000000000000000e-01
5.000000000000000000e-01
5.000000000000000000e-01
5.000000000000000000e-01
4.999999999999999445e-01
5.000000000000000000e-01
5.000000000000000000e-01
5.000000000000000000e-01
5.000000000000000000e-01
5.000000000000000000e-01
5.000000000000000000e-01
5.000000000000000000e-01
4.999999999999999445e-01
5.000000000000000000e-01
4.999999999999999445e-01
5.000000000000000000e-01
5.000000000000000000e-01
5.000000000000000000e-01
5.000000000000000000e-01
5.000000000000000000e-01
5.000000000000000000e-01
5.000000000000000000e-01
5.000000000000000000e-01
5.000000000000000000e-01
4.999999999999999445e-01
5.000000000000000000e-01
5.000000000000000000e-01
5.000000000000000000e-01
2.404550795772699145e-01
7.802401929936281233e-01
8.376323952782235294e-01
8.360792696042904648e-01
8.234995759258413317e-01
8.145210311125925529e-01
8.830567917213243412e-01
7.925555974175885199e-01
8.451781798660559231e-01
8.442600923800550605e-01
7.659186897396156324e-01
7.957304044299304824e-01
8.600880357368160256e-01
7.764790221041295570e-01
8.148650838298184818e-01
8.501724437518766164e-01
4.100892160426743982e-01
6.508223994197374074e-01
7.907407666855922335e-01
8.057952870353989328e-01
8.256391115358965305e-01
7.580000930911804380e-01
6.985340108760675903e-01
5.854119773232252522e-01
4.828615870661573939e-01
4.067411411057461068e-01
4.298901115103112569e-01
4.897499988372128743e-01
5.749302157895775922e-01
5.407919291463686440e-01
6.478273031917712865e-01
6.531534617130488884e-01
5.263291790817203886e-01
5.626594380625603575e-01
4.123022534971847453e-01
4.599955354124329876e-01
3.265876821631107374e-01
4.188949947549144848e-01
1.964660730740845629e-02
6.374396661389011287e-01
5.028817026054727135e-01
6.382152175836208752e-01
5.000000000000000000e-01
5.000000000000000000e-01
5.000000000000000000e-01
5.000000000000000000e-01
5.000000000000000000e-01
5.000000000000000000e-01
5.000000000000000000e-01
5.000000000000000000e-01
4.999999999999999445e-01
4.999999999999999445e-01
5.000000000000000000e-01
4.999999999999999445e-01
5.000000000000000000e-01
5.000000000000000000e-01
4.999999999999999445e-01
5.000000000000000000e-01
5.000000000000000000e-01
5.000000000000000000e-01
4.999999999999999445e-01
5.000000000000000000e-01
5.000000000000000000e-01
5.000000000000000000e-01
5.000000000000000000e-01
5.000000000000000000e-01
5.000000000000000000e-01
5.000000000000000000e-01
5.000000000000000000e-01
5.000000000000000000e-01
4.999999999999999445e-01
5.000000000000000000e-01
5.000000000000000000e-01
4.999999999999999445e-01
5.000000000000000000e-01
5.000000000000000000e-01
5.000000000000000000e-01
5.000000000000000000e-01
5.000000000000000000e-01
5.000000000000000000e-01
5.000000000000000000e-01
4.999999999999999445e-01
5.000000000000000000e-01
5.000000000000000000e-01
5.000000000000000000e-01
5.000000000000000000e-01
5.000000000000000000e-01
5.000000000000000000e-01
5.000000000000000000e-01
5.000000000000000000e-01
5.000000000000000000e-01
5.000000000000000000e-01
5.000000000000000000e-01
5.000000000000000000e-01
5.000000000000000000e-01
5.000000000000000000e-01
5.000000000000000000e-01
5.000000000000000000e-01
5.000000000000000000e-01
5.000000000000000000e-01
4.047666984371312004e-01
5.134894701613049728e-01
5.385533670124199590e-01
4.517889681293182913e-01
4.996300278384745996e-01
5.129080874796757561e-01
4.642617114772082942e-01
5.560040494328893912e-01
4.430399510617817893e-01
4.661072054699236800e-01
4.264769345057297656e-01
4.624624263339700558e-01
3.778244193097330950e-01
2.800434102844644446e-01
2.609514252393443368e-01
3.397253281034587347e-01
2.460533953487174519e-01
3.836330573487554130e-01
4.982771894281466940e-01
6.785015417900509549e-01
6.355551960442274995e-01
7.636519170856470584e-01
8.654453843347746922e-01
8.579853528645051686e-01
7.591201620435586994e-01
6.990937368419152254e-01
7.932649842236898508e-01
8.274079003451284553e-01
8.712284451419547437e-01
8.489636322521838530e-01
8.583313465180048007e-01
8.760854257329717676e-01
8.633969248223163362e-01
8.305202770814529289e-01
8.777200451774737067e-01
8.695090527465452190e-01
8.895532058459715286e-01
8.292761308788166863e-01
8.756780385660779542e-01
8.523997822977303906e-01
8.425395365574464002e-01
8.585635185978067740e-01
8.167006410216469670e-01
8.404026025583639647e-01
8.399455643859287113e-01
8.679177273382155944e-01
8.104593744160923929e-01
7.848925114046243490e-01
7.982182160877830945e-01
8.547146608881132090e-01
6.418192128606488023e-01
7.292673682948150327e-02
2.963031317826772537e-01
1.609697493135255619e-01
1.419093453052907294e-01
5.615585231584485637e-02
1.502375898923609676e-01
2.277040834999366770e-01
3.098550710683922738e-01
4.232039851869035529e-01
4.850018587209805609e-01
5.431343537296297042e-01
6.219045295840058829e-01
6.827930059351020597e-01
7.137109835377281053e-01
6.739572617691526046e-01
6.700118293625503263e-01
6.181792335696795204e-01
6.480921126286126599e-01
6.777126319347701600e-01
6.780808966064678645e-01
6.321214770521070836e-01
6.241075408675912373e-01
6.742570118635123899e-01
6.175109689210873665e-01
6.634547359623671481e-01
6.611416214394396640e-01
6.661538817500870513e-01
6.843225530326975115e-01
7.046985615604368647e-01
7.423145636121117885e-01
7.382521511427353467e-01
7.685577575856237242e-01
7.893872934387913265e-01
7.525861584923587699e-01
8.180671724603937323e-01
7.821736245115804564e-01
7.543221313052244081e-01
7.491867153631287524e-01
7.307456441115015577e-01
7.169070030425944706e-01
6.970029570485161141e-01
6.986493424602006064e-01
6.820343340170913482e-01
6.767016802616391269e-01
6.780579338265948497e-01
6.660743921862354311e-01
6.388785844868100083e-01
6.730432328216725546e-01
6.181181504986008601e-01
6.093029704932896307e-01
5.607909297317944519e-01
5.000000000000000000e-01
5.000000000000000000e-01
5.000000000000000000e-01
5.000000000000000000e-01
4.999999999999999445e-01
5.000000000000000000e-01
5.000000000000000000e-01
5.089012213193964129e-01
5.000000000000000000e-01
5.000000000000000000e-01
4.999999999999999445e-01
5.000000000000000000e-01
4.999999999999999445e-01
5.000000000000000000e-01
5.000000000000000000e-01
5.000000000000000000e-01
4.999999999999999445e-01
5.007290073976953249e-01
5.178553185395950997e-01
5.281890123325057029e-01
6.122601602243975538e-01
6.439758864366309510e-01
6.485333910688344528e-01
7.242789477856219627e-01
6.881943341757934540e-01
7.502843229503345368e-01
6.882394904419381065e-01
7.180806336861030870e-01
6.847464686553895730e-01
6.732544331559096040e-01
7.183182736094813059e-01
6.093062552047779912e-01
8.206233969164756781e-01
7.476624482228819701e-01
8.011092391770746612e-01
6.910252270814711828e-01
6.689794767111092444e-01
6.984500062500371698e-01
5.462220603438728839e-01
5.744448654590951220e-01
5.651929919320157758e-01
6.058830355118983713e-01
4.216916120515033506e-01
4.233791269292957460e-01
3.686386972387408201e-01
3.807821127377808978e-01
3.889656670114825521e-01
5.054304119991963606e-01
4.113964923485637359e-01
4.219328399634112992e-01
3.893555366765806269e-01
3.768361965118479651e-01
4.390250383622827934e-01
4.773901993936098265e-01
4.938676072401993467e-01
4.975213188726531621e-01
4.955488215226659943e-01
5.506894150795912379e-01
4.497865245977181181e-01
3.844760921129001807e-01
2.233118180678113907e-01
2.846258306991417686e-01
2.165401346737194366e-01
2.587128266396612752e-01
3.304370257425308099e-01
3.523814111814752570e-01
4.252674723101699805e-01
3.778734892836010384e-01
3.562696774077266371e-01
3.839261392955730656e-01
3.645715401058858829e-01
4.076614103319700644e-01
4.363102792880359515e-01
4.231248536208263578e-01
4.549359460191780835e-01
5.000000000000000000e-01
3.051151277537292872e-01
2.565003121551697185e-01
3.311446362858869730e-01
2.962797251350122174e-01
3.297830670876824577e-01
3.968135500471773880e-01
3.847216040613350985e-01
3.869266434004115518e-01
1.966166744099850372e-01
7.395200709019764673e-01
6.417958565650182523e-01
5.254353018204598325e-01
2.366878173542611707e-01
3.602758177108340565e-01
3.331950780390833811e-01
2.860791189452578376e-01
2.119399777752829506e-01
2.637237751934456420e-01
2.910435586209524916e-01
2.217244957450783260e-01
2.663611210658169970e-01
1.571010570166686271e-01
2.539398620585004429e-01
3.153370728512505106e-01
3.644106826709248015e-01
3.463644043261392969e-01
4.849693197318595272e-01
4.029906446715818547e-01
4.574217200413243090e-01
4.406746308149979696e-01
5.000000000000000000e-01
5.000000000000000000e-01
4.999999999999999445e-01
5.000000000000000000e-01
4.999999999999999445e-01
5.000000000000000000e-01
5.000000000000000000e-01
5.000000000000000000e-01
4.999999999999999445e-01
4.999999999999999445e-01
5.000000000000000000e-01
5.000000000000000000e-01
5.000000000000000000e-01
5.000000000000000000e-01
2.154560944289143909e-01
6.007512202349112318e-01
5.431892253160562900e-01
4.773681603242491134e-01
5.721890725687065471e-01
5.927335290930425549e-01
4.918696259519271807e-01
4.911391921361450419e-01
4.351458671216776875e-01
3.778317847300026178e-01
3.726864547339252542e-01
4.113049385393331425e-01
4.517610267436848459e-01
4.484052383955148269e-01
4.636359740329767387e-01
4.593582135677638512e-01
4.541230829386605494e-01
4.380976792975272982e-01
4.617444991495295303e-01
4.969092724884616175e-01
5.234835468168997918e-01
4.696672530643359322e-01
5.274197515061138652e-01
5.109228815278323843e-01
4.999999999999999445e-01
5.000000000000000000e-01
5.000000000000000000e-01
5.000000000000000000e-01
4.999999999999999445e-01
5.000000000000000000e-01
5.000000000000000000e-01
5.000000000000000000e-01
5.000000000000000000e-01
5.000000000000000000e-01
5.000000000000000000e-01
5.000000000000000000e-01
5.000000000000000000e-01
5.000000000000000000e-01
5.000000000000000000e-01
5.000000000000000000e-01
5.000000000000000000e-01
5.000000000000000000e-01
5.000000000000000000e-01
5.000000000000000000e-01
5.000000000000000000e-01
5.000000000000000000e-01
4.889707355815535172e-01
3.319142793335993491e-01
3.732791330143806485e-01
4.577636236007402992e-01
4.499511175655656059e-01
5.078973761482087346e-01
5.678279722048247269e-01
5.681790188211458537e-01
5.865937420898318377e-01
6.288016160710765412e-01
6.069879285093493504e-01
5.901526594766400846e-01
6.115237301769048672e-01
6.210510906460721126e-01
6.525669711081967250e-01
6.258705759159091109e-01
6.080527059200340201e-01
5.886069740876004319e-01
5.599849153466912588e-01
5.635795928764515406e-01
5.424376360999568769e-01
6.754450677988783625e-01
6.948150568572927233e-01
7.623304962952400787e-01
7.399490262299123211e-01
8.027828208875391613e-01
8.639202843246305275e-01
8.621153654395230514e-01
8.416642768617604853e-01
8.107140642830629185e-01
8.571879704804042932e-01
8.108825131262810126e-01
8.144672090308506807e-01
8.439476595096763178e-01
8.198070726331628810e-01
7.568965513692834657e-01
7.587403934182748166e-01
7.117229427194851077e-01
6.586576879227843406e-01
6.491013531964511252e-01
6.074518941931376093e-01
5.942807805296477230e-01
5.805338221891480632e-01
5.846170020121050914e-01
6.001596926600660797e-01
5.951200090894216421e-01
5.892629333358047061e-01
6.033000995787450860e-01
6.181587212318021551e-01
5.992471486279243864e-01
5.921927172213105051e-01
5.902136026058734108e-01
6.063979057316166710e-01
5.906736249354420654e-01
5.792345640196755463e-01
5.649224791876514828e-01
5.836387025234995862e-01
5.572557052216795537e-01
5.200644435715010561e-01
2.432917431802834318e-01
3.633322401429171511e-01
2.418182134295049912e-01
3.810458704230791360e-01
2.694831595848533046e-01
3.438984030136471581e-01
2.929409117146367647e-01
2.678108499165848255e-01
2.987482870964948134e-01
2.834229326696684481e-01
3.478029647012282344e-01
3.323434737774565995e-01
3.276258964441719490e-01
3.428868315096899044e-01
3.589993267477649130e-01
3.056028356792145351e-01
3.055867500963330707e-01
3.691587586457727999e-01
3.585540002158872919e-01
3.769948209335008404e-01
4.264420973246572100e-01
4.101213146714278168e-01
3.974958790943546316e-01
4.726811370974001170e-01
5.042063381169860081e-01
5.288894000609224433e-01
4.712527157627290353e-01
5.400055576812753388e-01
5.233390857014820208e-01
5.739024932080045716e-01
5.607258313540716133e-01
5.873262668734018366e-01
5.763688181741795091e-01
5.868526016113404520e-01
6.177934718869260156e-01
5.896262629966653179e-01
5.671678961485420167e-01
6.706579274673493130e-01
5.927518486595277913e-01
6.315651824438588413e-01
6.209827320357357294e-01
6.233131080351229647e-01
6.250687266447920720e-01
